4.104678658139958358e+00
4.116478358221217881e+00
4.128345650053462990e+00
4.140259004641889007e+00
4.152211325651485652e+00
4.164202804573557515e+00
4.176226227544431957e+00
4.188296577437688128e+00
4.200406667178987696e+00
4.212556693348324721e+00
4.224739349041648495e+00
4.236969818161024470e+00
4.249240821160034542e+00
4.261552559877523016e+00
4.273897632576083794e+00
4.286291428276451043e+00
4.298726573183513366e+00
4.311203274571997035e+00
4.323714034032344777e+00
4.336274449906290407e+00
4.348877052328189663e+00
4.361522054192898068e+00
4.374201858532598131e+00
4.386932277328433827e+00
4.399705742775715578e+00
4.412522473581202753e+00
4.425374772283944935e+00
4.438278668942983174e+00
4.451226495897943281e+00
4.464210479021982536e+00
4.477246814911347350e+00
4.490327759730212698e+00
4.503453542841395318e+00
4.516616286116791557e+00
4.529832412299517053e+00
4.543094074223519740e+00
4.556401507632839021e+00
4.569746728320795093e+00
4.583146389968447920e+00
4.596592540022387929e+00
4.610085420831351755e+00
4.623616939977774010e+00
4.637203987008621908e+00
4.650838501871788822e+00
4.664520733753632520e+00
4.678242479836622891e+00
4.692020870603413663e+00
4.705847736335878828e+00
4.719723333300867019e+00
4.733639346033119644e+00
4.747613151167755063e+00
4.761636467095504699e+00
4.775709557416976558e+00
4.789823991710835394e+00
4.803997398133814656e+00
4.818221380900643780e+00
4.832487421825010898e+00
4.846813341313261247e+00
4.861190656416145117e+00
4.875619644210759773e+00
4.890091667363211769e+00
4.904624807580976409e+00
4.919210463590697913e+00
4.933848920557894147e+00
4.948531419515406427e+00
4.963276309289792465e+00
4.978074867824052063e+00
4.992927388669439637e+00
5.007824988671206512e+00
5.022786289767774193e+00
5.037802446591392425e+00
5.052873761389585994e+00
5.067991224194726030e+00
5.083173736231344719e+00
5.098412326223991542e+00
5.113707305440874151e+00
5.129049534402808419e+00
5.144458199983096947e+00
5.159924202329390752e+00
5.175447862069647798e+00
5.191019907438496617e+00
5.206659817516376521e+00
5.222358361130124749e+00
5.238106165436944295e+00
5.253922933086986546e+00
5.269799332574578443e+00
5.285735701769509021e+00
5.301722530496602914e+00
5.317779825583981435e+00
5.333898119215831457e+00
5.350077759636034713e+00
5.366309096339643148e+00
5.382612447469618644e+00
5.398978205937012831e+00
5.415406730761043619e+00
5.431888228023185050e+00
5.448443334544268879e+00
5.465062300914279803e+00
5.481745497347770169e+00
5.498482983339364694e+00
5.515295721986023025e+00
5.532173818420806910e+00
5.549117654493404217e+00
5.566117139845603745e+00
5.583193571693538360e+00
5.600336906486402810e+00
5.617536939281343678e+00
5.634815223170486220e+00
5.652161600921724371e+00
5.669576475867557974e+00
5.687049487263816872e+00
5.704602536666032009e+00
5.722225312282287035e+00
5.739918230400963495e+00
5.757670770938085880e+00
5.775505192481675820e+00
5.793411025185490004e+00
5.811388698818214849e+00
5.829427530311614092e+00
5.847550144140118533e+00
5.865745908804685271e+00
5.884015268104395346e+00
5.902347372232458866e+00
5.920765220700447529e+00
5.939258016650283523e+00
5.957826218488706971e+00
5.976458805802129959e+00
5.995179162599452383e+00
6.013976322845614675e+00
6.032850760160995307e+00
6.051791279538802470e+00
6.070821659268162307e+00
6.089930760203209559e+00
6.109107253709506580e+00
6.128375220392682010e+00
6.147723388626962659e+00
6.167152260206636427e+00
6.186650324630228681e+00
6.206242074722052138e+00
6.225916058569779921e+00
6.245672795010113632e+00
6.265500587339705163e+00
6.285424351346014404e+00
6.305432450555050750e+00
6.325525421575610707e+00
6.345691377031839053e+00
6.365955666797702861e+00
6.386306465429479218e+00
6.406744328075584249e+00
6.427257172075957925e+00
6.447870792910308069e+00
6.468573171619125262e+00
6.489364882698074766e+00
6.510233643444712115e+00
6.531205706877472039e+00
6.552268855831719918e+00
6.573423685000600258e+00
6.594657706728916935e+00
6.615997643939412143e+00
6.637431076424238796e+00
6.658945359504446770e+00
6.680567576898660320e+00
6.702285152856942929e+00
6.724098719600640095e+00
6.745995418520930542e+00
6.768002825981364268e+00
6.790108154346940594e+00
6.812312058616418753e+00
6.834601460890787905e+00
6.857004443839667118e+00
6.879508002665444266e+00
6.902112816179350574e+00
6.924805581655970599e+00
6.947614902245309310e+00
6.970527550537923389e+00
6.993544230249565175e+00
7.016651408109272126e+00
7.039878222459350354e+00
7.063211217650945173e+00
7.086651123456997325e+00
7.110184170151578442e+00
7.133840046544758451e+00
7.157605062935191498e+00
7.181465268268258484e+00
7.205450774561850125e+00
7.229547712653994651e+00
7.253756860887014213e+00
7.278064020928900035e+00
7.302499883435997319e+00
7.327050334552588140e+00
7.351716182194202531e+00
7.376482974278049554e+00
7.401381997070295427e+00
7.426398885659313720e+00
7.451534478951854723e+00
7.476774064419936749e+00
7.502149541585902526e+00
7.527646287905200850e+00
7.553265174776157664e+00
7.578991222301084463e+00
7.604856961613995381e+00
7.630847505736772618e+00
7.656963760147679210e+00
7.683190470415178552e+00
7.709560818385750025e+00
7.736059645614359326e+00
7.762687893341698953e+00
7.789430025188549322e+00
7.816319893598484114e+00
7.843342061383978603e+00
7.870480775694861819e+00
7.897770405439556995e+00
7.925195299458808407e+00
7.952756465931233976e+00
7.980437856452681444e+00
8.008274547336363014e+00
8.036250595335527436e+00
8.064367049558667233e+00
8.092607557891865255e+00
8.121007926311934355e+00
8.149551911490265255e+00
8.178240605563546595e+00
8.207057344260860532e+00
8.236038686432548772e+00
8.265168080391870120e+00
8.294446663532465180e+00
8.323857450675250291e+00
8.353437777756877125e+00
8.383170776162542026e+00
8.413057630911561446e+00
8.443081026848615167e+00
8.473279102267415652e+00
8.503634662749242068e+00
8.534148943458163217e+00
8.564804289863976905e+00
8.595639669005027628e+00
8.626637551464099829e+00
8.657780021818608063e+00
8.689106686656195677e+00
8.720599759090875480e+00
8.752260568592278744e+00
8.784070843077035562e+00
8.816071066933286460e+00
8.848243101378839626e+00
8.880588333825986780e+00
8.913088125147355711e+00
8.945783867327453009e+00
8.978657059546005570e+00
9.011709150349309638e+00
9.044921122795154034e+00
9.078335307636079321e+00
9.111932831499773400e+00
9.145715207471175390e+00
9.179663029617913139e+00
9.213819600088845263e+00
9.248165662057996173e+00
9.282702796783626198e+00
9.317411197745691709e+00
9.352335172661099705e+00
9.387455069944442343e+00
9.422772542910443860e+00
9.458267372413185825e+00
9.493984907545785390e+00
9.529905090236530540e+00
9.566007383710493528e+00
9.602337942590812858e+00
9.638876395998181579e+00
9.675624533506583802e+00
9.712561383529802583e+00
9.749734208972384408e+00
9.787122210880097484e+00
9.824727263013150136e+00
9.862527945621696546e+00
9.900572670738005954e+00
9.938840198354371935e+00
9.977332491426412986e+00
1.001602766817063284e+01
1.005497533264491139e+01
1.009415379031826632e+01
1.013356509871283251e+01
1.017318689960113431e+01
1.021307003414762882e+01
1.025319233931652896e+01
1.029355597296048863e+01
1.033413808543377854e+01
1.037499080241325977e+01
1.041609147784406808e+01
1.045741688335654729e+01
1.049902014055468946e+01
1.054087823128085866e+01
1.058299350413579809e+01
1.062534221169610582e+01
1.066797884909779803e+01
1.071087988841686567e+01
1.075404779675015376e+01
1.079745829096622067e+01
1.084116729435914905e+01
1.088515075314491298e+01
1.092941126048484435e+01
1.097392398022452653e+01
1.101874632140817667e+01
1.106385368768037125e+01
1.110924880642292045e+01
1.115490627045480032e+01
1.120088503533425417e+01
1.124715994478143521e+01
1.129373386919607114e+01
1.134058081164941179e+01
1.138776133837276028e+01
1.143524971514274569e+01
1.148304896487558224e+01
1.153113248142659941e+01
1.157956250949682087e+01
1.162831271820955514e+01
1.167735603129008837e+01
1.172675599905175048e+01
1.177648583044390662e+01
1.182654884048439392e+01
1.187691730772500698e+01
1.192765658914961335e+01
1.197873926257634203e+01
1.203016882584079461e+01
1.208191689064090113e+01
1.213405069986306373e+01
1.218654217945743490e+01
1.223939502285561076e+01
1.229258015235825141e+01
1.234616678074151253e+01
1.240012616056827355e+01
1.245446219473125993e+01
1.250914509269597907e+01
1.256424612623617776e+01
1.261973585220244409e+01
1.267561839801009427e+01
1.273186323592597446e+01
1.278854379134967090e+01
1.284562990226690538e+01
1.290312593699557020e+01
1.296100060528418219e+01
1.301932958674497165e+01
1.307808197649863935e+01
1.313722589522771322e+01
1.319683878297646196e+01
1.325688916147660912e+01
1.331738186449162775e+01
1.337828420348935943e+01
1.343967606455959007e+01
1.350152518247925038e+01
1.356383668493251982e+01
1.362657704607776488e+01
1.368982871764802489e+01
1.375355862105415206e+01
1.381777220058466504e+01
1.388243506393868465e+01
1.394763235611431362e+01
1.401333015785118441e+01
1.407953425485940890e+01
1.414620935815525549e+01
1.421344344233856027e+01
1.428120171927864313e+01
1.434949034329588535e+01
1.441827309741311858e+01
1.448764093164685285e+01
1.455755815991112634e+01
1.462798784806554941e+01
1.469902327943468201e+01
1.477062807489170915e+01
1.484280910734188375e+01
1.491552845722911691e+01
1.498888266386770773e+01
1.506283439720635720e+01
