-3.105856640448331518e+01
-3.099922523884848857e+01
-3.093954415158317772e+01
-3.087963141286696356e+01
-3.081952271045361869e+01
-3.075921708132568710e+01
-3.069875080429332570e+01
-3.063804852988351257e+01
-3.057714640218177493e+01
-3.051604343257941565e+01
-3.045477636779038733e+01
-3.039326884736134815e+01
-3.033155748042361921e+01
-3.026964125192154853e+01
-3.020755738548982094e+01
-3.014522848912508834e+01
-3.008269164593913558e+01
-3.001994581353901737e+01
-2.995702870172758026e+01
-2.989386186581774751e+01
-2.983048287206386817e+01
-2.976689064980915589e+01
-2.970312340450989552e+01
-2.963910161707784141e+01
-2.957486334630672076e+01
-2.951040749231147231e+01
-2.944577276593236093e+01
-2.938087855135864856e+01
-2.931576340956231519e+01
-2.925046643693950443e+01
-2.918490618015715654e+01
-2.911912158327666589e+01
-2.905311149282320571e+01
-2.898691552821944839e+01
-2.892045109883064669e+01
-2.885375766837005784e+01
-2.878683405127142692e+01
-2.871972040043083041e+01
-2.865233296381734363e+01
-2.858471173514146813e+01
-2.851685549562166955e+01
-2.844880494235091106e+01
-2.838047513711914149e+01
-2.831190661425213051e+01
-2.824309812058167068e+01
-2.817409090840659047e+01
-2.810479882784158434e+01
-2.803526296472723800e+01
-2.796548203028728352e+01
-2.789549784333048876e+01
-2.782522301606091730e+01
-2.775469919702421606e+01
-2.768392506056233060e+01
-2.761294300360275855e+01
-2.754166437343727836e+01
-2.747013139280720395e+01
-2.739838690001364085e+01
-2.732634127551732917e+01
-2.725403718041076218e+01
-2.718147322126208820e+01
-2.710869283557036624e+01
-2.703560508970245735e+01
-2.696225323980754496e+01
-2.688863585177678317e+01
-2.681479697480780544e+01
-2.674064433191488632e+01
-2.666622178667300602e+01
-2.659152786280110092e+01
-2.651660723404118869e+01
-2.644136624991703144e+01
-2.636584939413827300e+01
-2.629005514669001542e+01
-2.621402881906132620e+01
-2.613767535623486538e+01
-2.606103987511521325e+01
-2.598412081032205379e+01
-2.590696412466327558e+01
-2.582947332658240924e+01
-2.575169417960241702e+01
-2.567362507127242566e+01
-2.559531262967286125e+01
-2.551665889372585383e+01
-2.543771028737198492e+01
-2.535851394701415273e+01
-2.527897078723337643e+01
-2.519912773654650806e+01
-2.511898309579278532e+01
-2.503858469202515380e+01
-2.495783191010140456e+01
-2.487677236404756798e+01
-2.479540430253114636e+01
-2.471377625832912628e+01
-2.463178605068451787e+01
-2.454948199403347076e+01
-2.446686228285394549e+01
-2.438397617115555960e+01
-2.430071987553748869e+01
-2.421714242617429136e+01
-2.413324196124208498e+01
-2.404906847194168762e+01
-2.396451653401650361e+01
-2.387963590914979051e+01
-2.379442467700413033e+01
-2.370893358239623439e+01
-2.362305552077079085e+01
-2.353684100154818992e+01
-2.345034134579590557e+01
-2.336344816214798925e+01
-2.327621253173265359e+01
-2.318863242617456422e+01
-2.310075995007226624e+01
-2.301248495962335738e+01
-2.292385931324353976e+01
-2.283488091740182568e+01
-2.274560267802304736e+01
-2.265591265577405977e+01
-2.256586350393213536e+01
-2.247545306117327613e+01
-2.238473505307671729e+01
-2.229359570025187054e+01
-2.220208846893441290e+01
-2.211021112724094451e+01
-2.201801823928558832e+01
-2.192539413960089689e+01
-2.183239312601977389e+01
-2.173901289319633179e+01
-2.164530886323311876e+01
-2.155116343701017456e+01
-2.145663176315827059e+01
-2.136171145982149255e+01
-2.126645882713862790e+01
-2.117075428313863483e+01
-2.107465384703345990e+01
-2.097821449098069024e+01
-2.088131511264745654e+01
-2.078401239749247509e+01
-2.068630382197212469e+01
-2.058824727286062739e+01
-2.048971957476078387e+01
-2.039077831979962951e+01
-2.029142089872657095e+01
-2.019170613473252729e+01
-2.009150872532163845e+01
-1.999088719078897469e+01
-1.988983883250735119e+01
-1.978842343256737735e+01
-1.968651350543471779e+01
-1.958416852174083544e+01
-1.948138568962202299e+01
-1.937822577326102902e+01
-1.927455904615433013e+01
-1.917044595213204872e+01
-1.906588360203240029e+01
-1.896093376605931979e+01
-1.885546441672864404e+01
-1.874953699465202561e+01
-1.864314850909374854e+01
-1.853636176097334953e+01
-1.842904235963906956e+01
-1.832125276681500736e+01
-1.821305657309946469e+01
-1.810431757338368897e+01
-1.799509901161921022e+01
-1.788539770833947529e+01
-1.777527833000470991e+01
-1.766460219397504261e+01
-1.755343360978049105e+01
-1.744176928340598209e+01
-1.732967498413091789e+01
-1.721700948308186696e+01
-1.710383818190833694e+01
-1.699015766684138384e+01
-1.687603483782141467e+01
-1.676132584845824169e+01
-1.664609721992520974e+01
-1.653034541320754158e+01
-1.641413848766847394e+01
-1.629732990541420889e+01
-1.617998733544327905e+01
-1.606210710769826733e+01
-1.594375847068391039e+01
-1.582479211818192510e+01
-1.570527689625023271e+01
-1.558528296530285218e+01
-1.546465889079235723e+01
-1.534347442129137562e+01
-1.522172564248509019e+01
-1.509948395835544233e+01
-1.497659502435900691e+01
-1.485312981964306545e+01
-1.472908428116797097e+01
-1.460453108903852382e+01
-1.447931290336559584e+01
-1.435350196586670535e+01
-1.422709405764611290e+01
-1.410016316859795182e+01
-1.397254887474315410e+01
-1.384432471344554472e+01
-1.371548630240797451e+01
-1.358610897613755242e+01
-1.345602913425474867e+01
-1.332532164397044028e+01
-1.319398195159806164e+01
-1.306208677228649861e+01
-1.292946923319708219e+01
-1.279620556675872933e+01
-1.266229103943417300e+01
-1.252780378429853414e+01
-1.239257355605340649e+01
-1.225667798893488936e+01
-1.212019630465918851e+01
-1.198295566060544104e+01
-1.184503476708216141e+01
-1.170642855391858461e+01
-1.156721772918376701e+01
-1.142722589268974787e+01
-1.128653322366480438e+01
-1.114513444610016535e+01
-1.100311179543349738e+01
-1.086028520196930458e+01
-1.071673635405954883e+01
-1.057245975930496229e+01
-1.042753922299329616e+01
-1.028179088919782913e+01
-1.013529799701596801e+01
-9.988054826449399570e+00
-9.840146796645946381e+00
-9.691386143680617238e+00
-9.541857700494766448e+00
-9.391555507578658535e+00
-9.240566643543857595e+00
-9.088699309379478564e+00
-8.936039976507871074e+00
-8.782582433239319641e+00
-8.628415464915299538e+00
-8.473343104734894382e+00
-8.317453508841332166e+00
-8.160836774614352862e+00
-8.003293718933932155e+00
-7.844913792764103277e+00
-7.685690310148686422e+00
-7.525715162128840063e+00
-7.364784751090567738e+00
-7.202990297698057987e+00
-7.040324824599146325e+00
-6.876882068714046170e+00
-6.712453868090179299e+00
-6.547133264095769789e+00
-6.380912971933305755e+00
-6.213888628568994932e+00
-6.045847350948100996e+00
-5.876884054018027825e+00
-5.706991128413854142e+00
-5.536266167348891543e+00
-5.364491402577328927e+00
-5.191763677450445869e+00
-5.018075039756929812e+00
-4.843525097281592195e+00
-4.667891024736540828e+00
-4.491271650734063314e+00
-4.313658660688012958e+00
-4.135153737495301129e+00
-3.955528818745236208e+00
-3.774884777286054316e+00
-3.593324893383737617e+00
-3.410617053584743985e+00
-3.226863703859294219e+00
-3.042055844367922646e+00
-2.856298942060064405e+00
-2.669355309890434569e+00
-2.481329546635265615e+00
-2.292212229079197527e+00
-2.102111078004526235e+00
-1.910782627356525154e+00
-1.718333693987034394e+00
-1.524754406113430605e+00
-1.330154808103756636e+00
-1.134285439158645659e+00
-9.372554019457339791e-01
-7.390543491035828083e-01
-5.397947210561540032e-01
-3.392208355454044977e-01
-1.374441513684701022e-01
6.554618340231854745e-02
2.696352569808482258e-01
4.750852114896417788e-01
6.817821590092307815e-01
8.896092831356554598e-01
1.098833734549003793e+00
1.309339754009982926e+00
1.521139152726064481e+00
1.734112503951195094e+00
1.948533865913120167e+00
2.164284915737042070e+00
2.381378060552066245e+00
2.599691179514877604e+00
2.819505513117519513e+00
3.040700093914026070e+00
3.263287963016892945e+00
3.487144218408033680e+00
3.712557572476583800e+00
3.939404329163266993e+00
4.167698204580716492e+00
4.397311424995123730e+00
4.628540480276782887e+00
4.861258858483964218e+00
5.095480994972191979e+00
5.331076150142635584e+00
5.568348914005113670e+00
5.807169868116687894e+00
6.047554214844424791e+00
6.289368150818162917e+00
6.532924707139358134e+00
6.778091464771563324e+00
7.024732256041758660e+00
7.273166678028104570e+00
7.523259997460939985e+00
7.775028885698105796e+00
8.028333930463162460e+00
8.283503814653002451e+00
8.540400631013596922e+00
8.799041970300677917e+00
9.059285066602939196e+00
9.321468087096860700e+00
9.585449846258185858e+00
9.851248918502747642e+00
1.011871907091267531e+01
1.038820837731915958e+01
1.065957226570628791e+01
1.093283036387833818e+01
1.120783285404083074e+01
1.148493816480650764e+01
1.176399822539441686e+01
1.204503379274197528e+01
1.232789134165300027e+01
1.261294013141112202e+01
1.290002847603506098e+01
1.318917834397097977e+01
1.348023237528741447e+01
1.377357116579386798e+01
1.406903929361108396e+01
1.436647643637110150e+01
1.466627204316684185e+01
1.496826780852286731e+01
1.527248804162979923e+01
1.557876835054652531e+01
1.588751048562714629e+01
1.619855218376893902e+01
1.651191923230156533e+01
1.682744302842093020e+01
1.714553822520409199e+01
1.746603846909768265e+01
1.778897113964727339e+01
1.811416327659043191e+01
1.844204307754242222e+01
1.877243996118048130e+01
1.910538302407313438e+01
1.944069479650387677e+01
1.977881770626869695e+01
2.011957680246115387e+01
2.046300303540563448e+01
2.080891426846935133e+01
2.115776789293826710e+01
2.150938444205276312e+01
2.186357817253738745e+01
2.222081820997800605e+01
2.258092160228473233e+01
2.294392291357412716e+01
2.330963144487560612e+01
2.367853269627821078e+01
2.405043893345464312e+01
