[Header]
TITLE,ML_PPMS_08212020_1_MKS-Bi2WO6-flux-HC-2-300K-hc_2.80mg.dat
BYAPP,HeatCapacity,3.9.6,1.7
INFO,2.80,MASS:Sample Mass (mg)
INFO,0.2,MASSERR:Sample Mass Error (mg)
INFO,,MOLWGHT:Formula Weight (g/mole)
INFO,,ATOMS:Atoms per Formula Unit
INFO,PPMS Heat Capacity Option 3.9.6 Build 3,APPNAME
DATATYPE,TIME,1
DATATYPE,COMMENT,2
STARTUPAXIS, X, 8, LINEAR, AUTO
STARTUPAXIS, Y1, 10, LINEAR, AUTO
[Data]
Time Stamp (Seconds),Comment (),System Status (Code),Puck Temp (Kelvin),System Temp (Kelvin),Field (Oersted),Pressure (Torr),Sample Temp (Kelvin),Temp Rise (Kelvin),Samp HC (µJ/K),Samp HC Err (µJ/K),Addenda HC (µJ/K),Addenda HC Err (µJ/K),Total HC (µJ/K),Total HC Err (µJ/K),Fit Deviation (ChiSquare),Time Const tau1 (seconds),Time Const tau2 (seconds),Sample Coupling (Percent),Debye Temp (Kelvin),Debye Temp Err (Kelvin),Cal Correction (Factor),Therm Resist (Ohms),Htr Resist (Ohms),Puck Resist (Ohms),Wire Cond (W/K),Meas Time (seconds),Temp Squared (K^2),Samp HC/Temp (µJ/K/K),Addenda Offset HC (µJ/K)
20218461.25,CALFILE: C:\QdPpms\HEATCA~1\TempCal\Standard\Puck1074_1.cal|Addenda #294 measured on 8/21/2020 from 1.989 to 298.34 K
20218461.48,,5905,2.01069,1.9857,-0.07,9.3E-6,1.9950219,0.020507807,0.026075653,0.001193,0.2221182,0.0007493,0.24819385,0.0009286,2.5339751,0.14492432,,,,,1,,,,1.7125756E-6,0.4472468,3.9801125,0.013070359,0
20218479.75,,5905,2.00914,1.9845,-0.07,9.2E-6,1.9934928,0.020170054,0.027319813,0.001163,0.22178838,0.0007447,0.2491082,0.0008928,3.6283737,0.14524047,,,,,1,,,,1.7151431E-6,0.43477296,3.9740136,0.013704495,0
20218497.84,,5905,2.0085,1.984,-0.07,9.4E-6,1.9926172,0.020152086,0.027270952,0.00122,0.22158805,0.0007418,0.248859,0.0009679,5.2259911,0.14394061,,,,,1,,,,1.7289005E-6,0.43572142,3.9705235,0.013685996,0
20218686.28,,5905,2.15783,2.1353,-0.07,9.2E-6,2.1360457,0.020797041,0.033820873,0.001578,0.25603098,0.001088,0.28985186,0.001143,1.8024825,0.15648682,,,,,1,,,,1.8522445E-6,0.43182183,4.5626912,0.015833403,0
20218705.38,,5905,2.15707,2.1345,-0.07,9.2E-6,2.1356914,0.0216598,0.034969253,0.001536,0.25591926,0.001087,0.29088852,0.001085,3.7993581,0.15757292,,,,,1,,,,1.8460565E-6,0.46946047,4.5611778,0.016373739,0
20218724.27,,5905,2.15678,2.1342,-0.07,9.4E-6,2.1348152,0.021665378,0.033704012,0.001542,0.25566777,0.001086,0.28937178,0.001094,1.9474647,0.15564796,,,,,1,,,,1.8591427E-6,0.47271876,4.5574361,0.015787789,0
20218913.48,,5905,2.31957,2.3011,-0.07,9.3E-6,2.2930278,0.02206225,0.04088902,0.004539,0.2986948,0.00118,0.33958382,0.004383,0.099135773,0.1660778,,,,,1,,,,2.0447274E-6,0.46694389,5.2579765,0.01783189,0
20218932.08,,5905,2.31898,2.3018,-0.07,9.3E-6,2.2938662,0.02271452,0.036831077,0.002112,0.2988919,0.00118,0.33572298,0.001751,0.38131872,0.16278466,,,,,1,,,,2.0623748E-6,0.4982334,5.2618221,0.016056332,0
20218956.92,,5905,2.31856,2.3013,-0.07,9.2E-6,2.2933238,0.022770116,0.045035294,0.002817,0.29877539,0.00118,0.34381069,0.002558,0.44417853,0.17374519,,,,,1,,,,1.9788214E-6,0.48835398,5.2593339,0.019637565,0
20219146.39,,5905,2.49465,2.4787,-0.07,9.3E-6,2.4645643,0.023891928,0.044601514,0.002702,0.35181715,0.001096,0.39641866,0.00247,0.34431689,0.17670165,,,,,1,,,,2.243435E-6,0.52123556,6.0740773,0.018097119,0
20219167.97,,5905,2.49446,2.4798,-0.07,9.3E-6,2.4646467,0.023974046,0.043359852,0.003144,0.3518396,0.001096,0.39519945,0.002947,0.19049513,0.17481902,,,,,1,,,,2.2606205E-6,0.53010495,6.0744834,0.017592725,0
20219186.42,,5905,2.49445,2.4807,-0.07,9.3E-6,2.4640414,0.024228021,0.054751364,0.002923,0.35170198,0.001096,0.40645335,0.002709,0.59057431,0.1890763,,,,,1,,,,2.1496789E-6,0.52445705,6.0715,0.022220148,0
20219390.27,,5905,2.69041,2.6485,-0.07,9.4E-6,2.6547744,0.025635543,0.061202595,0.001981,0.42038438,0.001162,0.48158698,0.001605,2.2801187,0.20078183,,,,,1,,,,2.3985586E-6,0.56722891,7.0478271,0.023053784,0
20219413.02,,5905,2.68845,2.6464,-0.07,9.3E-6,2.6545523,0.026352703,0.06405029,0.002287,0.42023787,0.001161,0.48428816,0.001971,1.1115852,0.2021223,,,,,1,,,,2.3960155E-6,0.60234549,7.0466482,0.024128471,0
20219431.94,,5905,2.68827,2.6476,-0.07,9.3E-6,2.6531065,0.026539555,0.061415512,0.001987,0.41968891,0.00116,0.48110442,0.001613,1.8310273,0.20195682,,,,,1,,,,2.3822143E-6,0.60636689,7.0389741,0.023148529,0
20219635.23,,5905,2.89558,2.851,-0.07,9.2E-6,2.854919,0.027210333,0.077846573,0.002482,0.50139982,0.001624,0.5792464,0.001877,0.24498117,0.22331214,,,,,1,,,,2.5938867E-6,0.60587045,8.1505625,0.027267524,0
20219654.59,,5905,2.89358,2.8468,-0.07,9.4E-6,2.8546523,0.028512927,0.07869494,0.003729,0.50120918,0.001623,0.57990412,0.003357,0.25868094,0.22423989,,,,,1,,,,2.5860881E-6,0.66993643,8.1490397,0.027567259,0
20219673.48,,5905,2.89334,2.8487,-0.07,9.3E-6,2.8546033,0.030701101,0.06171871,0.002165,0.50064738,0.001618,0.56236609,0.002165,0.56320797,0.21198746,5.4975733E-6,99.973464,,,1,,,,2.6528356E-6,0.67271968,8.1487599,0.021620766,0
20219870.45,,5905,3.11366,3.0719,-0.07,9.2E-6,3.0677258,0.029416947,0.093317665,0.002239,0.59894122,0.00214,0.69225888,0.002239,1.1379899,0.25265304,0.010740105,73.013363,,,1,,,,2.7591843E-6,0.63596238,9.4109416,0.030419168,0
20219895.92,,5905,3.11238,3.0713,-0.07,9.3E-6,3.0691474,0.031951828,0.093321844,0.002218,0.5993385,0.00214,0.69266034,0.002218,0.87391916,0.24681685,0.007116304,80.023245,,,1,,,,2.8194701E-6,0.75795912,9.4196657,0.030406439,0
20219914.42,,5905,3.11122,3.0683,-0.07,9.3E-6,3.0686324,0.031771087,0.080360689,0.002215,0.5988383,0.00214,0.67919899,0.002215,5.0737626,0.23106978,0.0018887015,92.718986,,,1,,,,2.9426253E-6,0.74045054,9.4165048,0.026187786,0
20220088.59,Error: Warning:  Measured time constant less than time constant calculated from addenda table.  Changing time constant to addenda table value
20220129.27,,5905,3.34773,3.3121,-0.07,9.3E-6,3.2980983,0.031736487,0.11013377,0.002175,0.71872508,0.001973,0.82885885,0.002175,1.5025075,0.26461716,0.002495452,92.413937,,,1,,,,3.1368773E-6,0.69640134,10.877452,0.033393113,0
20220148.48,,5905,3.34659,3.3097,-0.07,9.2E-6,3.297822,0.032319237,0.10746863,0.004419,0.71892302,0.001973,0.82639165,0.003954,0.74408822,0.26629279,,,,,1,,,,3.1033197E-6,0.79385149,10.87563,0.03258776,0
20220226.03,,5905,3.32752,3.3336,-0.07,9.4E-6,3.2789052,0.032938006,0.12600016,0.002743,0.70690171,0.00196,0.83290187,0.002743,0.14108958,0.26795897,0.0052339556,86.713593,,,1,,,,3.1194359E-6,0.79887837,10.751219,0.038427508,0
20220402.98,Error: Warning:  Measured time constant less than time constant calculated from addenda table.  Changing time constant to addenda table value
20220421.41,,5905,3.58747,3.5988,-0.07,9.3E-6,3.5315384,0.031926674,0.14801931,0.003791,0.91123818,0.003376,1.0592575,0.003791,0.80172828,0.34104905,0.050599244,43.293171,,,1,,,,3.1996516E-6,0.83239211,12.471763,0.04191355,0
20220440.5,,5905,3.5873,3.599,-0.07,9.4E-6,3.5322999,0.033824343,0.18343567,0.003593,0.91236972,0.003387,1.0958054,0.003593,2.9654466,0.37213571,0.079811587,36.506993,,,1,,,,3.1305352E-6,1.0231471,12.477143,0.051930944,0
20220460.45,,5905,3.588,3.5997,-0.07,9.3E-6,3.5339005,0.036215075,0.14664353,0.003554,0.91204192,0.003383,1.0586854,0.003554,0.97817204,0.31721101,0.040389329,47.160097,,,1,,,,3.4199918E-6,1.1164071,12.488453,0.041496224,0
20220641.94,Error: Warning:  Measured time constant less than time constant calculated from addenda table.  Changing time constant to addenda table value
20220661.33,,5905,3.86036,3.8754,-0.07,9.4E-6,3.7975173,0.03376705,0.21243761,0.005134,1.1560782,0.004955,1.3685158,0.005134,1.2334277,0.36513451,0.026531959,63.666389,,,1,,,,3.8036223E-6,0.95900301,14.421138,0.055941182,0
20220681.88,,5905,3.86033,3.8748,-0.07,9.2E-6,3.7991303,0.036400143,0.26036119,0.01179,1.1573081,0.004957,1.4176693,0.0107,4.1037204,0.38759687,,,,,1,,,,3.6575871E-6,1.0954035,14.433391,0.068531786,0
20220702.47,,5905,3.86038,3.8753,-0.07,9.3E-6,3.7985533,0.036671127,0.26805663,0.005159,1.1576734,0.004957,1.42573,0.005159,2.6859607,0.42943829,0.060541664,49.957597,,,1,,,,3.4577775E-6,1.1627906,14.429007,0.070568084,0
20220911.08,,5905,4.15449,4.1709,-0.07,9.4E-6,4.0875903,0.04070481,0.26164808,0.004947,1.3979553,0.004694,1.6596034,0.004947,1.3424473,0.4124048,0.015630981,77.537805,,,1,,,,4.0543367E-6,1.2883149,16.708394,0.064010349,0
20220934.8,,5905,4.1551,4.1721,-0.07,9.3E-6,4.0848759,0.038926517,0.29967503,0.005011,1.3964465,0.004697,1.6961216,0.005011,2.0745925,0.44095796,0.045296395,57.363506,,,1,,,,3.9462076E-6,1.2372144,16.686211,0.073362089,0
20220954.84,,5905,4.15516,4.172,-0.07,9.2E-6,4.0869225,0.04023245,0.29357367,0.004948,1.3977639,0.004695,1.6913376,0.004948,1.1219215,0.43001775,0.037399287,61.278333,,,1,,,,4.015357E-6,1.3228739,16.702935,0.071832455,0
20221161.8,,5905,4.46774,4.4826,-0.07,9.3E-6,4.3977439,0.041568559,0.32718222,0.004159,1.6575688,0.003942,1.984751,0.004159,0.99955286,0.43033483,0.0071511991,89.164985,,,1,,,,4.6275971E-6,1.2900533,19.340152,0.074397743,0
20221182.34,,5905,4.46846,4.4827,-0.07,9.3E-6,4.3982048,0.04186036,0.3060198,0.004464,1.6579527,0.00394,1.9639725,0.004464,0.38955754,0.42896075,0.0080905717,87.380961,,,1,,,,4.5948061E-6,1.2910045,19.344206,0.069578343,0
20221203.05,,5905,4.47051,4.4862,-0.07,9.4E-6,4.3966304,0.041407992,0.37630445,0.00458,1.6579758,0.00394,2.0342802,0.00458,0.89290044,0.50064663,0.047223768,60.343068,,,1,,,,4.1644597E-6,1.2868822,19.330359,0.085589284,0
20221411.13,,5905,4.80672,4.8281,-0.07,9.2E-6,4.7267427,0.045831595,0.49295258,0.004334,1.9701375,0.003448,2.4630901,0.004334,0.57177893,0.52249267,0.023611149,77.568395,,,1,,,,4.7713355E-6,1.5019399,22.342097,0.10429012,0
20221432.36,,5905,4.8082,4.83,-0.07,9.4E-6,4.7285703,0.046232763,0.45977494,0.004069,1.9712461,0.003448,2.4310211,0.004069,0.27682292,0.48638591,0.010273358,87.786114,,,1,,,,5.0235459E-6,1.567478,22.359377,0.097233394,0
20221452.89,,5905,4.8087,4.8282,-0.07,9.3E-6,4.7286605,0.046000349,0.45034497,0.003796,1.9722252,0.003448,2.4225702,0.003796,1.0413205,0.52053634,0.021767702,78.004874,,,1,,,,4.7013378E-6,1.4591577,22.36023,0.095237323,0
20221659.27,,5905,5.17262,5.1944,-0.07,9.4E-6,5.0819252,0.048228424,0.60974875,0.00449,2.3742564,0.003836,2.9840051,0.00449,5.2829473,0.59977135,0.035149119,72.861111,,,1,,,,5.0575167E-6,1.561609,25.825964,0.11998381,0
20221681.22,,5905,5.17321,5.1971,-0.07,9.2E-6,5.086189,0.05241298,0.52683168,0.005417,2.3776977,0.003839,2.9045294,0.005417,0.14109834,0.5563748,0.0081357025,90.98075,,,1,,,,5.2377344E-6,1.7993141,25.869319,0.10358083,0
20221702.38,,5905,5.17317,5.1941,-0.07,9.3E-6,5.0845735,0.049481357,0.56972235,0.004581,2.3758487,0.003838,2.945571,0.004581,0.21373241,0.54474535,0.0083853258,90.957343,,,1,,,,5.42767E-6,1.6691244,25.852888,0.11204919,0
20221934.55,,5905,5.56557,5.5873,-0.07,9.3E-6,5.4670504,0.051095471,0.73829758,0.00502,2.8642102,0.004028,3.6025077,0.00502,0.80138024,0.63816818,0.015912979,86.573604,,,1,,,,5.6827929E-6,1.6342361,29.88864,0.13504495,0
20221956.34,,5905,5.56644,5.5876,-0.07,9.3E-6,5.4708681,0.055446889,0.64564606,0.004619,2.8676989,0.00403,3.513345,0.004619,1.5009344,0.60031855,0.0038768908,95.860673,,,1,,,,5.8610579E-6,1.9145045,29.930398,0.11801529,0
20221978.63,,5905,5.57055,5.5881,-0.07,9.4E-6,5.4744141,0.051758463,0.73682147,0.008587,2.873255,0.004033,3.6100764,0.007581,0.042680652,0.59236427,,,,,1,,,,6.0943522E-6,1.8009556,29.969209,0.13459367,0
20222190.66,,5905,5.98835,6.0062,-0.07,9.2E-6,5.8807372,0.054600708,0.89406282,0.006907,3.4645542,0.004915,4.3586171,0.006907,0.2714052,0.68650282,0.0074242121,93.746729,,,1,,,,6.3670304E-6,1.7770928,34.58307,0.15203244,0
20222212.31,,5905,5.98927,6.0087,-0.07,9.2E-6,5.8832537,0.057912093,0.88870828,0.005645,3.4671147,0.004922,4.355823,0.005645,0.53433736,0.66567981,0.0035589169,96.804348,,,1,,,,6.5524609E-6,2.0595085,34.612674,0.15105728,0
20222234.47,,5905,5.98932,6.0058,-0.07,9.3E-6,5.8827721,0.057159311,0.94241513,0.01016,3.4677945,0.004923,4.4102096,0.008889,1.5966921,0.70092473,,,,,1,,,,6.2919875E-6,1.9970394,34.607007,0.16019916,0
20222453.17,,5905,6.44151,6.4681,-0.07,9.3E-6,6.3231031,0.059588757,1.2386447,0.008653,4.1922415,0.006694,5.4308862,0.008653,0.49056642,0.78822056,0.017393222,88.728211,,,1,,,,6.9366243E-6,2.1027742,39.981633,0.1958919,0
20222476.36,,5905,6.44344,6.4703,-0.07,9.3E-6,6.3259686,0.062528136,1.2728468,0.01735,4.1977767,0.006703,5.4706235,0.016,0.51652714,0.78719208,,,,,1,,,,6.9495409E-6,2.3646617,40.017878,0.2012098,0
20222500.64,,5905,6.4436,6.4711,-0.07,9.4E-6,6.3273328,0.063522726,1.1118049,0.007629,4.1987631,0.006705,5.3105679,0.007629,0.78102924,0.74682832,0.0039929392,96.862396,,,1,,,,7.1209784E-6,2.3615762,40.03514,0.17571462,0
20222722.52,,5905,6.93224,6.959,-0.07,9.4E-6,6.8024108,0.062275658,1.6164559,0.00977,5.0485814,0.007833,6.6650373,0.00977,0.49710872,0.8628674,0.0082700477,95.012089,,,1,,,,7.7483725E-6,2.240485,46.272793,0.23762985,0
20222744.56,,5905,6.93233,6.959,-0.07,9.4E-6,6.8042972,0.067054541,1.6727336,0.009443,5.0537732,0.007838,6.7265068,0.009443,1.2956636,0.8986376,0.014853882,91.787962,,,1,,,,7.5273412E-6,2.5886022,46.29846,0.24583488,0
20222768.13,,5905,6.93515,6.9625,-0.07,9.3E-6,6.8074732,0.068837421,1.6092916,0.008838,5.0541299,0.007838,6.6634215,0.008838,1.4050401,0.87374666,0.0074898411,95.506006,,,1,,,,7.647375E-6,2.6959128,46.341692,0.23640072,0
20222988.06,,5905,7.45796,7.4903,-0.07,9.3E-6,7.3219132,0.067818444,2.1037921,0.008698,6.101171,0.007944,8.2049632,0.008698,1.270261,0.97291337,0.012454612,93.65496,,,1,,,,8.4714476E-6,2.62124,53.610412,0.2873282,0
20223011.72,,5905,7.45944,7.4898,-0.07,9.4E-6,7.325783,0.072869083,2.0547534,0.009566,6.1037855,0.007943,8.1585389,0.009566,0.59129344,0.96825112,0.0069707151,96.302396,,,1,,,,8.4467272E-6,2.9187401,53.667097,0.28048243,0
20223036.48,,5905,7.46092,7.492,-0.07,9.2E-6,7.3264293,0.072690541,2.1052875,0.009418,6.1054216,0.007941,8.2107092,0.009418,0.2987583,0.98004174,0.0080838321,95.830237,,,1,,,,8.4020844E-6,2.9047533,53.676566,0.2873552,0
20223260.78,,5905,8.0235,8.0596,-0.07,9.2E-6,7.8749493,0.075037062,2.6964493,0.009201,7.3661253,0.007717,10.062575,0.009201,0.99058594,1.1070721,0.0098254169,95.644066,,,1,,,,9.11935E-6,2.9401252,62.014826,0.34240847,0
20223284.89,,5905,8.02365,8.0602,-0.07,9.2E-6,7.8782453,0.078034764,2.6903044,0.008783,7.3740337,0.007725,10.064338,0.008783,1.3886598,1.0771335,0.0080151271,96.320335,,,1,,,,9.3693283E-6,3.3212163,62.066748,0.34148523,0
20223309.67,,5905,8.02511,8.0625,-0.07,9.3E-6,7.8782617,0.075801433,2.6538539,0.02007,7.3751572,0.007726,10.029011,0.01853,1.4622837,1.0643944,,,,,1,,,,9.4222698E-6,3.2314006,62.067008,0.33685779,0
20223539.97,,5905,8.63561,8.6686,-0.07,9.2E-6,8.4710072,0.078015766,3.6123646,0.01233,8.9155313,0.01048,12.527896,0.01233,1.0542945,1.2497676,0.014037954,94.764436,,,1,,,,1.0070752E-5,3.1931832,71.757964,0.42643861,0
20223565.25,,5905,8.6366,8.6698,-0.07,9.4E-6,8.4758613,0.084156732,3.540669,0.01354,8.9223691,0.01049,12.463038,0.01354,0.2919039,1.2163339,0.00668271,97.358406,,,1,,,,1.0268958E-5,3.7493029,71.840224,0.4177356,0
20223589.56,,5905,8.63717,8.6685,-0.07,9.3E-6,8.475557,0.082317306,3.6041986,0.01252,8.9283448,0.01051,12.532543,0.01252,0.7316692,1.2252351,0.011944214,95.423183,,,1,,,,1.0269662E-5,3.6490016,71.835067,0.42524622,0
20223820.17,,5905,9.28914,9.3289,-0.07,9.3E-6,9.1117446,0.085876367,4.7008919,0.01502,10.732983,0.01357,15.433875,0.01502,1.7782466,1.4027312,0.013354946,95.663461,,,1,,,,1.1049449E-5,3.6757052,83.023889,0.51591568,0
20223846.02,,5905,9.28986,9.3307,-0.07,9.3E-6,9.1147988,0.091083734,4.6718508,0.01579,10.74317,0.01358,15.415021,0.01579,1.1168234,1.4065761,0.013669637,95.565031,,,1,,,,1.1006427E-5,4.2081937,83.079557,0.51255666,0
20223872.02,,5905,9.29104,9.3302,-0.07,9.3E-6,9.1170729,0.091377158,4.5829478,0.01604,10.749249,0.01359,15.332197,0.01604,0.94740009,1.3883006,0.0097268758,96.745885,,,1,,,,1.1077284E-5,4.2197283,83.121018,0.50267754,0
20224109.44,,5905,9.99471,10.0386,-0.07,9.3E-6,9.8021674,0.092516676,5.9874956,0.0215,12.88874,0.01667,18.876236,0.0215,0.32767993,1.5678891,0.016503374,95.321073,,,1,,,,1.2099361E-5,4.1649019,96.082485,0.61083385,0
20224135.61,,5905,9.99762,10.0389,-0.07,9.4E-6,9.8072322,0.098116769,5.9283695,0.02002,12.905587,0.01669,18.833956,0.02002,2.8952468,1.5491816,0.0089903373,97.366155,,,1,,,,1.2190133E-5,4.7036674,96.181803,0.60448957,0
20224162.53,,5905,9.99801,10.0408,-0.07,9.4E-6,9.8069409,0.096798887,6.0149813,0.01971,12.904847,0.01669,18.919828,0.01971,0.53197176,1.5503028,0.013331608,96.155664,,,1,,,,1.2253701E-5,4.6475449,96.17609,0.6133392,0
20224697,,5905,10.766,10.7778,-0.07,9.2E-6,10.552775,0.098908758,7.7985044,0.0238,15.48256,0.01977,23.281064,0.0238,0.93932779,1.7530879,0.013600523,96.60874,,,1,,,,1.333275E-5,4.6509085,111.36107,0.73900032,0
20224725.2,,5905,10.7665,10.7777,-0.07,9.4E-6,10.555463,0.10509526,7.7912964,0.02319,15.485385,0.01978,23.276681,0.02319,1.2682856,1.7389713,0.013326202,96.64794,,,1,,,,1.3437734E-5,5.2592637,111.4178,0.73812929,0
20224753.13,,5905,10.7655,10.7771,-0.07,9.4E-6,10.555313,0.10496075,7.9214365,0.02338,15.485637,0.01978,23.407073,0.02338,1.4139969,1.7680801,0.015373951,96.228848,,,1,,,,1.3298638E-5,5.2169139,111.41463,0.75046913,0
20224997.63,,5905,11.5788,11.5984,-0.07,9.4E-6,11.347099,0.1084363,10.046347,0.02825,18.498437,0.02348,28.544784,0.02825,1.5444904,1.982383,0.017537348,96.230857,,,1,,,,1.4469714E-5,5.3042403,128.75666,0.88536694,0
20225027.64,,5905,11.5806,11.5972,-0.07,9.4E-6,11.350213,0.11442547,10.128314,0.02744,18.504305,0.02348,28.632619,0.02744,1.2661224,1.9830388,0.016385626,96.480569,,,1,,,,1.4505214E-5,5.947149,128.82734,0.89234568,0
20225057.56,,5905,11.5801,11.5967,-0.07,9.2E-6,11.351058,0.11430196,9.9640424,0.02702,18.506985,0.02349,28.471027,0.02702,1.6699678,1.9581667,0.015420628,96.626207,,,1,,,,1.4602308E-5,5.9491165,128.84651,0.87780739,0
20225308.78,,5905,12.4581,12.4743,-0.07,9.4E-6,12.20719,0.11723579,12.622583,0.03343,22.119418,0.02847,34.742001,0.03343,1.670852,2.215037,0.020269739,96.155468,,,1,,,,1.5768164E-5,5.8745002,149.0155,1.0340285,0
20225337.81,,5905,12.4583,12.4735,-0.07,9.3E-6,12.211635,0.12375051,12.548237,0.03326,22.140256,0.0285,34.688492,0.03326,1.9540138,2.194478,0.015515527,97.005234,,,1,,,,1.5871487E-5,6.6451109,149.12402,1.027564,0
20225368.67,,5905,12.4603,12.4746,-0.07,9.4E-6,12.211244,0.12310927,12.622051,0.03339,22.138754,0.02849,34.760805,0.03339,0.96581352,2.2036457,0.017111284,96.723055,,,1,,,,1.5845244E-5,6.583434,149.11449,1.0336417,0
20225627.63,,5905,13.407,13.41,-0.07,9.3E-6,13.138092,0.12600761,15.592251,0.04243,26.508359,0.03558,42.10061,0.04243,1.3590856,2.451457,0.019929117,96.599506,,,1,,,,1.7257315E-5,6.6109371,172.60946,1.1867972,0
20225663.58,,5905,13.408,13.4105,-0.07,9.2E-6,13.141475,0.13254042,15.811788,0.04079,26.517601,0.0356,42.32939,0.04079,1.4656547,2.4547404,0.019974609,96.607401,,,1,,,,1.732913E-5,7.354371,172.69838,1.2031973,0
20225699.7,,5905,13.4075,13.4095,-0.07,9.4E-6,13.14261,0.13310658,15.571407,0.04108,26.523076,0.03561,42.094483,0.04108,1.7077431,2.4481963,0.019110006,96.730243,,,1,,,,1.727424E-5,7.3642212,172.72821,1.1848032,0
20225969.2,,5905,14.4213,14.4377,-0.07,9.3E-6,14.134452,0.13557303,19.342627,0.05731,31.593243,0.04978,50.93587,0.05731,1.2354583,2.726942,0.024176365,96.333702,,,1,,,,1.8782186E-5,7.344589,199.78274,1.3684737,0
20226009.55,,5905,14.4228,14.4376,-0.07,9.4E-6,14.138631,0.14045738,19.427821,0.09652,31.61256,0.04985,51.040381,0.08266,4.5223729,2.6953046,,,,,1,,,,1.8936776E-5,8.1808259,199.90088,1.374095,0
20226043.19,,5905,14.4225,14.4372,-0.07,9.4E-6,14.138299,0.13966708,19.404891,0.09364,31.610492,0.04984,51.015384,0.07927,3.3923635,2.6952448,,,,,1,,,,1.8927922E-5,8.0859139,199.89149,1.3725054,0
20226313,,5905,15.5167,15.5333,-0.07,9.3E-6,15.210311,0.1463608,23.532995,0.07278,37.623971,0.06579,61.156966,0.07278,1.342565,3.0371392,0.025424738,96.549246,,,1,,,,2.0243841E-5,8.0857345,231.35356,1.5471739,0
20226353.16,,5905,15.5179,15.5341,-0.07,9.3E-6,15.214924,0.15453264,23.643831,0.07206,37.643387,0.06583,61.287218,0.07206,1.6048213,3.0283688,0.02218987,96.973181,,,1,,,,2.0332411E-5,9.1114176,231.49393,1.5539894,0
20226393.59,,5905,15.5185,15.5341,-0.07,9.3E-6,15.21573,0.15445114,23.62228,0.072,37.648232,0.06584,61.270512,0.072,0.96861094,3.0298902,0.022601719,96.919042,,,1,,,,2.0318298E-5,9.0851063,231.51845,1.5524907,0
20226672.23,,5905,16.6963,16.7109,-0.07,9.3E-6,16.372237,0.15830731,28.558359,0.08636,44.81607,0.07833,73.374429,0.08636,1.6126973,3.3655799,0.028709332,96.498858,,,1,,,,2.1922285E-5,9.0896707,268.05013,1.7443163,0
20226714.72,,5905,16.696,16.7104,-0.07,9.3E-6,16.377569,0.16681782,28.241104,0.0863,44.842348,0.07837,73.083452,0.0863,1.1066252,3.3471433,0.027699917,96.592642,,,1,,,,2.1950552E-5,10.09674,268.22477,1.724377,0
20226757.5,,5905,16.6969,16.7101,-0.07,9.3E-6,16.377515,0.16617612,28.680164,0.08643,44.843093,0.07837,73.523256,0.08643,1.4014964,3.3786599,0.030298351,96.326632,,,1,,,,2.1888493E-5,10.04143,268.22301,1.7511914,0
20227043,,5905,17.9623,17.9755,-0.07,9.3E-6,17.622226,0.17191181,33.937836,0.09646,53.13489,0.08776,87.072726,0.09646,1.8568488,3.7168076,0.034391916,96.21171,,,1,,,,2.3568198E-5,10.13598,310.54286,1.925854,0
20227087.88,,5905,17.9639,17.9736,-0.07,9.3E-6,17.626585,0.18030014,34.014133,0.09558,53.158044,0.08778,87.172178,0.09558,1.8847069,3.7317907,0.035736905,96.084345,,,1,,,,2.3505688E-5,11.150423,310.69648,1.9297064,0
20227132.63,,5905,17.9658,17.9743,-0.07,9.3E-6,17.627131,0.18006403,33.73846,0.09625,53.160141,0.08779,86.898601,0.09625,2.5999047,3.6961334,0.032939453,96.343176,,,1,,,,2.364641E-5,11.195372,310.71574,1.9140075,0
20227419.94,,5905,19.3282,19.3399,-0.07,9.4E-6,18.962572,0.18491029,40.15908,0.1091,62.724841,0.1031,102.88392,0.1091,1.2538239,4.0815432,0.039955936,96.00008,,,1,,,,2.5368726E-5,11.0884,359.57914,2.1178076,0
20227466.5,,5905,19.329,19.3406,-0.07,9.4E-6,18.968153,0.1941764,40.315098,0.1086,62.759276,0.1032,103.07437,0.1086,1.5918081,4.1014924,0.039570869,96.058924,,,1,,,,2.5290222E-5,12.24463,359.79083,2.1254098,0
20227514.7,,5905,19.33,19.3396,-0.07,9.4E-6,18.968557,0.19428036,40.127187,0.1092,62.761407,0.1032,102.88859,0.1092,1.9567339,4.074016,0.039605777,96.025964,,,1,,,,2.5415379E-5,12.304477,359.80617,2.115458,0
20227810.38,,5905,20.7965,20.8121,-0.07,9.4E-6,20.412665,0.20040158,46.904074,0.1347,73.88266,0.1285,120.78673,0.1347,3.0061467,4.4476996,0.04016056,96.296363,,,1,,,,2.731607E-5,12.222048,416.6769,2.2977928,0
20227860.05,,5905,20.796,20.8115,-0.07,9.3E-6,20.418745,0.20990324,47.345651,0.1364,73.927414,0.1286,121.27306,0.1364,0.86445779,4.523726,0.047814161,95.690974,,,1,,,,2.69942E-5,13.343099,416.92515,2.3187346,0
20227910.11,,5905,20.7962,20.8084,-0.07,9.3E-6,20.420622,0.21155696,47.046243,0.1372,73.941699,0.1286,120.98794,0.1372,0.66994868,4.4959315,0.044113443,95.986171,,,1,,,,2.7082389E-5,13.571178,417.0018,2.3038594,0
20228213.36,,5905,22.3774,22.389,-0.07,9.4E-6,21.975099,0.21782474,54.863847,0.1549,86.933731,0.1475,141.79758,0.1549,2.0374606,4.9397429,0.053559388,95.57015,,,1,,,,2.8906845E-5,13.487795,482.90496,2.4966371,0
20228265.53,,5905,22.3771,22.3875,-0.07,9.2E-6,21.980631,0.22835465,54.481467,0.156,86.972086,0.1476,141.45355,0.156,1.4644106,4.9106726,0.050673944,95.771288,,,1,,,,2.8995988E-5,14.819229,483.14812,2.4786126,0
20228317.69,,5905,22.3761,22.3897,-0.07,9.3E-6,21.981435,0.22719042,54.742447,0.1542,86.978257,0.1476,141.7207,0.1542,0.97502669,4.9073355,0.050859455,95.75758,,,1,,,,2.9072273E-5,14.732018,483.18346,2.4903947,0
20228630.7,,5905,24.0725,24.0865,-0.07,9.4E-6,23.650841,0.22979327,64.144552,0.3523,101.84685,0.1736,165.9914,0.3065,5.9996915,5.2668649,,,,,1,,,,3.1516168E-5,14.722007,559.3623,2.7121467,0
20228685.63,,5905,24.0744,24.0889,-0.07,9.3E-6,23.656307,0.23774525,63.73988,0.3206,101.88783,0.1737,165.62771,0.2695,6.8874269,5.234511,,,,,1,,,,3.1641487E-5,15.800595,559.62086,2.6944138,0
20228748.42,,5905,24.0748,24.0866,-0.07,9.4E-6,23.656852,0.23803729,63.59398,0.3293,101.89388,0.1737,165.48786,0.2798,5.9373169,5.257274,,,,,1,,,,3.1477883E-5,15.703533,559.64664,2.6881844,0
20229068.42,,5905,25.9015,25.9209,-0.07,9.3E-6,25.458608,0.24658086,73.022303,0.4261,118.86588,0.2108,191.88818,0.3703,17.148884,5.7403492,,,,,1,,,,3.3427964E-5,15.771822,648.14072,2.8682755,0
20229133.86,,5905,25.9018,25.9205,-0.07,9.4E-6,25.465121,0.25693582,73.158951,0.3927,118.92166,0.211,192.08061,0.3312,5.4732101,5.7279591,,,,,1,,,,3.3533866E-5,17.221047,648.47237,2.8729081,0
20229199.8,,5905,25.9009,25.9214,-0.07,9.3E-6,25.465716,0.25699685,73.116137,0.4009,118.92749,0.211,192.04363,0.3408,10.931308,5.729317,,,,,1,,,,3.3519463E-5,17.183877,648.5027,2.8711597,0
20229536.13,,5905,27.8657,27.8845,-0.07,9.3E-6,27.404254,0.26624602,82.923578,0.5049,138.08708,0.2561,221.01066,0.4351,16.258287,6.2233605,,,,,1,,,,3.5513073E-5,17.187951,750.99315,3.0259381,0
20229604.17,,5905,27.8678,27.8837,-0.07,9.2E-6,27.412446,0.28406697,81.700022,0.2667,138.14397,0.2562,219.84399,0.2667,0.4581813,6.3711299,0.079419273,94.859289,,,1,,,,3.4767824E-5,18.670081,751.4422,2.9803988,0
20229673.38,,5905,27.8707,27.8828,-0.07,9.2E-6,27.414198,0.28656997,81.713477,0.2637,138.16407,0.2563,219.87755,0.2637,2.7634308,6.3704275,0.082638502,94.65832,,,1,,,,3.4787919E-5,19.11339,751.53823,2.9806992,0
20230019.06,,5905,29.9831,30.004,-0.07,9.4E-6,29.496693,0.29702721,92.025645,0.3103,160.09876,0.3022,252.12441,0.3103,2.4891786,6.917122,0.093465842,94.407712,,,1,,,,3.6740941E-5,19.111282,870.0549,3.1198631,0
20230093.98,,5905,29.9849,30.0048,-0.07,9.2E-6,29.505472,0.31019458,91.842189,0.3107,160.16722,0.3023,252.00941,0.3107,1.344551,6.894174,0.088234845,94.688656,,,1,,,,3.6829852E-5,20.751366,870.57287,3.1127172,0
20230168.59,,5905,29.9861,30.0034,-0.07,9.2E-6,29.506671,0.30978068,91.642884,0.311,160.17973,0.3023,251.82262,0.311,1.419834,6.8858342,0.089208748,94.623133,,,1,,,,3.6849972E-5,20.682522,870.64362,3.1058361,0
20230524.08,,5905,32.2579,32.2861,-0.07,9.4E-6,31.755482,0.32051303,103.69246,0.3653,185.40594,0.3528,289.0984,0.3653,1.3039281,7.5129572,0.106519,94.104505,,,1,,,,3.8794605E-5,20.657503,1008.4106,3.2653405,0
20230601.11,,5905,32.2601,32.2903,-0.07,9.2E-6,31.766028,0.33464217,103.76215,0.3627,185.51821,0.353,289.28036,0.3627,1.4434081,7.487309,0.10030502,94.416203,,,1,,,,3.8934094E-5,22.538872,1009.0805,3.2664503,0
20230679.27,,5905,32.2633,32.2886,-0.07,9.3E-6,31.768986,0.3336313,102.93863,0.3622,185.54877,0.3531,288.4874,0.3622,1.2044856,7.4392138,0.098788217,94.451642,,,1,,,,3.907326E-5,22.461927,1009.2685,3.240224,0
20231042.48,,5905,34.7066,34.7432,-0.07,9.3E-6,34.181686,0.34418993,116.28405,0.4373,214.23805,0.4214,330.5221,0.4373,1.2947078,8.1690558,0.12789608,93.469616,,,1,,,,4.0815766E-5,22.317641,1168.3877,3.40194,0
20231124.34,,5905,34.7104,34.7432,-0.07,9.4E-6,34.195906,0.36099024,115.74332,0.4333,214.38269,0.4217,330.12601,0.4333,1.554471,8.1192408,0.1197461,93.822216,,,1,,,,4.0993778E-5,24.507167,1169.36,3.3847128,0
20231206.03,,5905,34.7122,34.7414,-0.07,9.4E-6,34.197842,0.36003912,115.2057,0.4305,214.40276,0.4218,329.60846,0.4305,1.6519597,8.0786978,0.11651768,93.944802,,,1,,,,4.1125706E-5,24.357722,1169.4924,3.3688002,0
20231577.56,,5905,37.3432,37.3734,-0.07,9.3E-6,36.789676,0.37194084,127.54016,0.5068,246.93736,0.4914,374.47752,0.5068,1.9212808,8.8143467,0.14661452,92.989794,,,1,,,,4.2862854E-5,24.236093,1353.4803,3.4667379,0
20231665,,5905,37.3479,37.3744,-0.07,9.2E-6,36.804412,0.38839863,127.28199,0.5029,247.09542,0.4917,374.37741,0.5029,1.7791736,8.754721,0.1353395,93.455341,,,1,,,,4.3114549E-5,26.44304,1354.5647,3.4583352,0
20231751.19,,5905,37.3501,37.3653,-0.07,9.3E-6,36.808119,0.3869363,126.52672,0.5019,247.1361,0.4918,373.66282,0.5019,1.7166851,8.6890302,0.12468348,93.892569,,,1,,,,4.3329409E-5,26.264163,1354.8376,3.4374678,0
20232138.58,,5905,40.1802,40.2193,-0.07,9.4E-6,39.603874,0.39910266,140.68364,0.582,284.51568,0.5576,425.19931,0.582,0.77359984,9.5425625,0.16768465,92.523426,,,1,,,,4.4959472E-5,26.067091,1568.4668,3.5522696,0
20232232.33,,5905,40.1828,40.2181,-0.07,9.3E-6,39.622142,0.41795525,140.1217,0.5698,284.73489,0.558,424.85659,0.5698,3.2566934,9.4633089,0.14849146,93.272593,,,1,,,,4.5253025E-5,28.627688,1569.9141,3.5364493,0
20232324.05,,5905,40.1845,40.2119,-0.07,9.4E-6,39.626321,0.41619986,139.14962,0.5708,284.78526,0.558,423.93488,0.5708,0.85262542,9.3954117,0.13999868,93.580725,,,1,,,,4.5460026E-5,28.389927,1570.2453,3.5115454,0
20232722.17,,5905,43.2304,43.2619,-0.07,9.2E-6,42.62991,0.42842688,153.63566,0.6326,327.97725,0.6125,481.61291,0.6326,1.4161108,10.277101,0.17737438,92.525554,,,1,,,,4.7254785E-5,28.186235,1817.3092,3.6039405,0
20232819.7,,5905,43.2353,43.2636,-0.07,9.2E-6,42.646175,0.44793643,153.45584,0.6263,328.19032,0.6128,481.64616,0.6263,2.1848518,10.244678,0.17212473,92.708179,,,1,,,,4.7396118E-5,30.831303,1818.6963,3.5983494,0
20232916.78,,5905,43.2408,43.2564,-0.07,9.4E-6,42.649413,0.44702605,152.69581,0.6306,328.23101,0.6128,480.92682,0.6306,0.32698275,10.174367,0.16196317,93.05887,,,1,,,,4.7629688E-5,30.734033,1818.9725,3.5802558,0
20233324.78,,5905,46.5152,46.5405,-0.07,9.3E-6,45.878201,0.45986167,166.83415,0.6894,378.34167,0.6647,545.17582,0.6894,0.88466368,11.088812,0.19694983,92.16645,,,1,,,,4.956295E-5,30.523102,2104.8093,3.636458,0
20233427.34,,5905,46.5176,46.541,-0.07,9.3E-6,45.896014,0.47990602,167.05904,0.6791,378.57269,0.665,545.63173,0.6791,1.8500375,11.049923,0.19267865,92.302457,,,1,,,,4.9771718E-5,33.266435,2106.4441,3.6399466,0
20233530.41,,5905,46.5184,46.5384,-0.07,9.2E-6,45.897542,0.47891419,166.18367,0.6851,378.58875,0.665,544.77242,0.6851,0.56369085,10.988575,0.1776626,92.817218,,,1,,,,4.9939182E-5,33.149768,2106.5843,3.6207532,0
20233951.17,,5905,50.05,50.0706,-0.07,9.3E-6,49.38229,0.49247252,181.50633,0.7605,437.45733,0.7158,618.96366,0.7605,0.46220411,12.05262,0.22973256,91.45087,,,1,,,,5.1776031E-5,32.965724,2438.6106,3.6755349,0
20234061.33,,5905,50.0495,50.0682,-0.07,9.4E-6,49.400234,0.51484732,180.59064,0.7358,437.70207,0.716,618.29271,0.7358,0.65390832,11.897861,0.19657305,92.504238,,,1,,,,5.2332026E-5,36.15786,2440.3831,3.6556637,0
20234170.69,,5905,50.0487,50.0667,-0.07,9.4E-6,49.400135,0.51203871,180.74856,0.7471,437.69826,0.716,618.44682,0.7471,0.29935969,11.901751,0.20125176,92.341921,,,1,,,,5.2337147E-5,35.693584,2440.3733,3.6588678,0
20234604.5,,5905,53.8491,53.8671,-0.07,9.4E-6,53.160367,0.52798723,197.10984,0.8245,507.15873,0.7669,704.26857,0.8245,0.34438366,13.12992,0.26524202,90.754712,,,1,,,,5.4075373E-5,35.705252,2826.0246,3.7078345,0
20234722.36,,5905,53.85,53.868,-0.07,9.3E-6,53.182578,0.55259436,195.411,0.7867,507.4683,0.7671,702.8793,0.7867,0.26788578,12.861753,0.20230525,92.648993,,,1,,,,5.4989322E-5,39.38976,2828.3866,3.6743423,0
20234837.89,,5905,53.8471,53.8601,-0.07,9.2E-6,53.181862,0.54733537,195.48873,0.7997,507.47554,0.7671,702.96427,0.7997,0.14011625,12.858368,0.20167572,92.669773,,,1,,,,5.5009581E-5,38.585259,2828.3104,3.6758534,0
20235288.66,,5905,57.938,57.9646,-0.07,9.2E-6,57.215548,0.55608037,217.43574,1.853,588.22211,0.812,805.65785,1.665,0.83601766,13.948903,,,,,1,,,,5.7757791E-5,38.575104,3273.6189,3.8002911,0
20235412.38,,5905,57.9413,57.9576,-0.07,9.2E-6,57.239276,0.58687319,210.59784,0.8318,588.62828,0.8122,799.22613,0.8318,0.41400209,13.994092,0.22943385,92.123139,,,1,,,,5.7456431E-5,41.84671,3276.3347,3.6792542,0
20235534.86,,5905,57.9393,57.956,-0.07,9.3E-6,57.24134,0.5871333,210.52571,0.8472,588.66616,0.8123,799.19186,0.8472,0.2100499,13.951152,0.22267436,92.316636,,,1,,,,5.7621249E-5,41.982275,3276.571,3.6778613,0
20235999.78,,5905,62.3382,62.3517,-0.07,9.4E-6,61.569352,0.60517083,229.35444,1.052,683.7683,0.856,913.12275,1.052,0.22204292,15.613609,0.36133238,88.886091,,,1,,,,5.8954845E-5,41.853456,3790.7851,3.7251398,0
20236134.86,,5905,62.3398,62.3458,-0.07,9.3E-6,61.60236,0.63703037,226.12065,0.8858,684.35132,0.8563,910.47197,0.8858,0.29134521,15.214782,0.25206857,91.764018,,,1,,,,6.0178166E-5,46.840826,3794.8507,3.6706492,0
20236268.55,,5905,62.3383,62.3462,-0.07,9.4E-6,61.601703,0.62945368,226.86025,0.9042,684.34944,0.8563,911.20969,0.9042,0.16144372,15.183657,0.2353717,92.269519,,,1,,,,6.0329118E-5,45.644346,3794.7698,3.6826945,0
20236767.98,,5905,67.0682,67.105,-0.07,9.4E-6,66.275006,0.64689768,247.05694,1.159,797.44991,0.9006,1044.5068,1.159,0.21571681,17.016346,0.41544257,87.924821,,,1,,,,6.1866082E-5,45.550971,4392.3764,3.7277543,0
20236913.55,,5905,67.0695,67.0994,-0.07,9.3E-6,66.312948,0.68221346,244.2499,0.9265,798.16936,0.9009,1042.4193,0.9265,0.35830138,16.583427,0.26514233,91.741909,,,1,,,,6.3174815E-5,51.049039,4397.4071,3.6832913,0
20237054.69,,5905,67.0693,67.0939,-0.07,9.4E-6,66.312646,0.67443189,242.11001,0.9814,798.20588,0.9009,1040.3159,0.9814,0.11151737,16.491713,0.25066633,92.087242,,,1,,,,6.3379261E-5,49.750282,4397.367,3.6510382,0
20237592.45,,5905,72.1648,72.1964,-0.07,9.3E-6,71.339299,0.68410651,268.73961,2.431,930.35272,0.9319,1199.0923,2.245,0.43664795,18.086022,,,,,1,,,,6.6299395E-5,49.475139,5089.2956,3.7670627,0
20237744.45,,5905,72.1635,72.1821,-0.07,9.3E-6,71.37442,0.72385185,260.5874,0.9777,931.11231,0.9321,1191.6997,0.9777,0.30857811,18.020753,0.2782315,91.644797,,,1,,,,6.6422118E-5,54.258067,5094.3078,3.6509915,0
20237896.3,,5905,72.1535,72.1848,-0.07,9.3E-6,71.376693,0.72299034,258.43754,1.02,931.15287,0.9321,1189.5904,1.02,0.15780369,17.921785,0.25156702,92.318724,,,1,,,,6.6641169E-5,54.062259,5094.6323,3.6207553,0
20238456.81,,5905,77.6417,77.6769,-0.07,9.3E-6,76.773144,0.73452714,288.23177,2.736,1085.0217,0.9504,1373.2535,2.566,0.36306489,19.762205,,,,,1,,,,6.948888E-5,53.765355,5894.1156,3.7543307,0
20238621.23,,5905,77.6408,77.6689,-0.07,9.3E-6,76.812997,0.77901909,278.83505,1.025,1085.936,0.9504,1364.771,1.025,0.17770358,19.629349,0.28767892,91.671953,,,1,,,,6.9794657E-5,59.286614,5900.2364,3.6300505,0
20238782.88,,5905,77.6399,77.6625,-0.07,9.3E-6,76.815304,0.77656515,277.62024,1.089,1086.0128,0.9504,1363.633,1.089,0.12681786,19.528006,0.24831166,92.683167,,,1,,,,7.0061053E-5,58.888047,5900.591,3.6141266,0
20239388.2,,5905,83.538,83.5756,-0.07,9.2E-6,82.640818,0.79041088,307.36192,2.861,1266.0957,0.9609,1573.4576,2.694,0.38937896,21.542905,,,,,1,,,,7.3038319E-5,58.584018,6829.5048,3.7192507,0
20239564.64,,5905,83.5333,83.5657,-0.07,9.2E-6,82.682013,0.83899541,296.84119,1.122,1267.1162,0.961,1563.9574,1.122,0.13174692,21.344172,0.278513,92.13326,,,1,,,,7.3501649E-5,64.628716,6836.3153,3.5901543,0
20239740.3,,5905,83.5312,83.5614,-0.07,9.4E-6,82.681705,0.83512321,295.07708,1.166,1267.1299,0.961,1562.207,1.166,0.12228775,21.285926,0.26855165,92.349553,,,1,,,,7.3611242E-5,64.032515,6836.2643,3.5688315,0
20240376.19,,5905,89.8749,89.9487,-0.07,9.2E-6,88.949592,0.84962924,329.93868,3.454,1478.9603,0.9928,1808.899,3.308,0.31276081,23.513533,,,,,1,,,,7.6930126E-5,63.857778,7912.03,3.709277,0
20240565.72,,5905,89.8783,89.9423,-0.07,9.2E-6,88.996035,0.90176894,316.90331,1.111,1480.238,0.993,1797.1413,1.111,0.20731134,23.223727,0.29115556,92.014091,,,1,,,,7.7595342E-5,70.540598,7920.2943,3.5608699,0
20240753.8,,5905,89.8748,89.9328,-0.07,9.4E-6,88.997969,0.89679469,315.65794,1.218,1480.3207,0.993,1795.9787,1.218,0.14294518,23.158679,0.26770012,92.576012,,,1,,,,7.7745365E-5,69.67118,7920.6385,3.5467993,0
20241442.09,,5905,96.7025,96.7812,-0.07,9.3E-6,95.736377,0.91176666,349.31607,3.281,1724.5187,1.033,2073.8347,3.114,0.34889378,25.457939,,,,,1,,,,8.1461218E-5,69.476036,9165.4539,3.6487288,0
20241645.66,,5905,96.701,96.7754,-0.07,9.2E-6,95.780871,0.96669369,337.86492,1.206,1725.7595,1.033,2063.6245,1.206,0.15513182,25.220212,0.30097693,91.947621,,,1,,,,8.2018641E-5,76.373817,9173.9753,3.5274781,0
20241875.98,,5905,96.6993,96.7689,-0.07,9.3E-6,95.780406,0.96304549,337.28312,1.1,1725.7962,1.033,2063.0794,1.1,0.49821012,25.241693,0.32231187,91.420658,,,1,,,,8.1940667E-5,75.660636,9173.8861,3.5214209,0
20242593.28,,5905,104.042,104.15,-0.07,9.3E-6,103.04919,0.99119669,366.00917,1.908,2004.4287,1.077,2370.4379,1.908,0.18685075,28.011455,0.69867467,83.83344,,,1,,,,8.502294E-5,75.725078,10619.135,3.5517908,0
20242813.95,,5905,104.036,104.135,-0.07,9.2E-6,103.10218,1.0453643,362.19807,1.465,2005.9633,1.077,2368.1614,1.465,0.085631906,27.33275,0.2892108,92.422201,,,1,,,,8.6809854E-5,84.034364,10630.06,3.5130011,0
20243059.33,,5905,104.039,104.129,-0.07,9.3E-6,103.09707,1.0338485,359.96554,1.128,2005.8386,1.077,2365.8041,1.128,1.0035527,27.309982,0.29872041,92.155014,,,1,,,,8.6800432E-5,81.99825,10629.007,3.4915205,0
20243807.42,,5905,111.941,112.058,-0.07,9.4E-6,110.91515,1.0570071,394.03768,4.021,2315.7838,1.101,2709.8215,3.868,0.2667956,29.78587,,,,,1,,,,9.0976745E-5,81.929946,12302.171,3.5526046,0
20244072.5,,5905,111.939,112.042,-0.07,9.3E-6,110.96475,1.1184147,377.61138,1.149,2317.254,1.102,2694.8654,1.149,1.9548672,29.412105,0.2808664,92.63501,,,1,,,,9.1768771E-5,89.35761,12313.177,3.4029848,0
20244335.33,,5905,111.937,112.037,-0.07,9.3E-6,110.965,1.1110017,380.48771,1.163,2317.3125,1.102,2697.8002,1.163,1.2450646,29.445014,0.2982302,92.260499,,,1,,,,9.1776081E-5,88.236316,12313.232,3.4288984,0
20245117,,5905,120.447,120.557,-0.07,9.4E-6,119.38845,1.1454587,409.52469,2.274,2668.3928,1.223,3077.9175,2.274,0.14306258,32.1771,0.67237452,84.577266,,,1,,,,9.5970932E-5,88.335042,14253.603,3.4301867,0
20245366.16,,5905,120.429,120.554,-0.07,9.4E-6,119.43827,1.2007527,406.55458,1.784,2669.9601,1.224,3076.5147,1.784,0.062833219,31.584946,0.29501766,92.448844,,,1,,,,9.7544711E-5,96.5313,14265.501,3.4038886,0
20245612.17,,5905,120.44,120.547,-0.07,9.3E-6,119.438,1.1724364,396.89304,2.558,2670.2894,1.224,3067.1824,2.246,0.57958344,31.205061,,,,,1,,,,9.8291186E-5,94.754837,14265.437,3.3230046,0
20246420.58,,5905,129.584,129.714,-0.07,9.2E-6,128.49936,1.2234816,434.65269,2.174,3061.2851,1.379,3495.9378,2.174,0.33540386,34.501397,0.96019175,79.50869,,,1,,,,0.00010174271,93.615182,16512.085,3.3825281,0
20246687.58,,5905,129.574,129.704,-0.07,9.3E-6,128.5558,1.2731925,424.03781,2.205,3063.2857,1.38,3487.3236,1.72,0.12288866,33.476131,,,,,1,,,,0.00010417343,103.50419,16526.593,3.2984729,0
20246983.22,,5905,129.605,129.691,-0.07,9.3E-6,128.553,1.2542009,426.63258,2.494,3063.2414,1.38,3489.874,2.078,16.518026,33.373241,,,,,1,,,,0.00010457102,100.42839,16525.874,3.318729,0
20247798.8,,5905,139.405,139.533,-0.07,9.3E-6,138.27362,1.3193383,463.66346,3.218,3487.6475,1.408,3951.311,3.218,0.13134421,36.392468,0.97009516,79.411927,,,1,,,,0.00010897322,100.11972,19119.594,3.3532315,0
20248117.88,,5905,139.418,139.511,-0.07,9.3E-6,138.33081,1.3638651,452.59025,2.463,3489.761,1.408,3942.3512,2.02,2.7800735,35.408813,,,,,1,,,,0.00011133814,109.1774,19135.414,3.2717963,0
20248391.5,,5905,139.423,139.503,-0.07,9.2E-6,138.33129,1.3458016,450.56896,2.538,3489.8566,1.408,3940.4256,2.112,0.1323203,35.250205,,,,,1,,,,0.00011178447,106.22644,19135.547,3.2571731,0
20249085.89,,5905,150.016,150.148,-0.07,9.4E-6,148.86636,1.4159641,484.28123,3.374,3951.0922,1.512,4435.3735,3.374,0.085029021,37.755572,0.69381147,84.047437,,,1,,,,0.00011774681,105.75061,22161.193,3.2531274,0
20249374.95,,5905,150.018,150.142,-0.07,9.3E-6,148.91537,1.4568349,479.76725,2.664,3953.1234,1.512,4432.8906,2.193,0.080357348,37.142936,,,,,1,,,,0.0001193468,113.26671,22175.788,3.2217443,0
20249660.08,,5905,149.999,150.135,-0.07,9.4E-6,148.91687,1.443818,473.69363,2.59,3953.2303,1.512,4426.924,2.103,0.056838043,36.988608,,,,,1,,,,0.00011968344,111.42881,22176.233,3.1809266,0
20250252.31,,5905,150.006,150.135,-0.07,9.3E-6,148.94747,1.4731947,482.23945,2.778,3954.544,1.513,4436.7834,2.33,0.31840964,37.244288,,,,,1,,,,0.00011912655,114.54787,22185.35,3.2376477,0
20250578.31,,5905,150.004,150.122,-0.07,9.4E-6,148.93274,1.4441381,482.81225,2.603,3953.878,1.512,4436.6902,2.119,0.044620251,37.021259,,,,,1,,,,0.00011984169,111.73287,22180.962,3.241814,0
20250902.16,,5905,150.005,150.114,-0.07,9.3E-6,148.93864,1.4509289,463.76388,2.609,3954.235,1.512,4417.9989,2.126,0.3211547,37.168181,,,,,1,,,,0.00011886508,111.06378,22182.719,3.1137915,0
20251513.38,,5905,152.573,152.684,-0.07,9.3E-6,151.46869,1.4748071,494.28848,3.291,4064.9744,1.548,4559.2629,3.291,0.17809288,38.444043,0.93321949,79.829786,,,1,,,,0.00011895577,111.50454,22942.764,3.2633046,0
20251806.78,,5905,152.569,152.686,-0.07,9.2E-6,151.5021,1.4853082,474.32288,2.994,4066.2541,1.549,4540.577,2.563,0.14256792,37.362282,,,,,1,,,,0.00012152836,115.33213,22952.885,3.1308008,0
20252133.31,,5905,152.559,152.684,-0.07,9.2E-6,151.49596,1.467422,476.52553,2.441,4066.0898,1.549,4542.6153,1.887,0.35806119,37.360759,,,,,1,,,,0.00012158788,112.08685,22951.026,3.1454669,0
20252787.66,,5905,155.138,155.246,-0.07,9.4E-6,154.02551,1.4828754,496.39648,4.709,4176.3611,1.587,4672.7575,4.434,0.26645181,38.260408,,,,,1,,,,0.00012213036,112.08228,23723.858,3.2228199,0
20253121,,5905,155.151,155.25,-0.07,9.3E-6,154.05664,1.5014542,484.11823,2.586,4177.5973,1.588,4661.7156,2.042,1.0521474,37.833801,,,,,1,,,,0.00012321563,114.78122,23733.449,3.142469,0
20253452.08,,5905,155.128,155.234,-0.07,9.3E-6,154.05714,1.4934899,488.63784,2.685,4177.6533,1.588,4666.2911,2.166,0.78827657,37.871394,,,,,1,,,,0.00012321414,113.5014,23733.603,3.1717961,0
20254070.09,,5905,157.687,157.816,-0.07,9.2E-6,156.5808,1.5256086,488.59509,3.641,4286.7668,1.629,4775.3619,3.641,0.15744984,38.974252,0.94293456,79.056846,,,1,,,,0.00012287431,113.61418,24517.548,3.1204023,0
20254409.97,,5905,157.69,157.801,-0.07,9.3E-6,156.61492,1.5295186,490.38635,2.785,4288.0712,1.63,4778.4575,2.258,1.3155845,38.07791,,,,,1,,,,0.00012549159,116.92276,24528.234,3.1311598,0
20254702.22,,5905,157.683,157.805,-0.07,9.4E-6,156.61277,1.5146696,486.30336,2.893,4288.079,1.63,4774.3824,2.39,0.098049994,37.993667,,,,,1,,,,0.00012566259,114.23373,24527.559,3.1051323,0
20255319.48,,5905,160.258,160.334,-0.07,9.3E-6,159.10604,1.5463232,498.27956,3.029,4394.8772,1.668,4893.1567,3.029,0.23461753,39.323195,0.85212817,80.767316,,,1,,,,0.00012474845,113.981,25314.733,3.131745,0
20255638.72,,5905,160.253,160.335,-0.07,9.4E-6,159.13986,1.5524973,490.98967,2.308,4396.1726,1.668,4887.1623,1.595,0.076236403,38.2717,,,,,1,,,,0.00012769651,117.96958,25325.495,3.0852715,0
20255972.91,,5905,160.257,160.322,-0.07,9.3E-6,159.13477,1.5397705,489.25528,2.804,4396.1564,1.668,4885.4117,2.254,0.29957166,38.440364,,,,,1,,,,0.00012709067,114.8151,25323.874,3.0744713,0
20256594.22,,5905,162.831,162.917,-0.07,9.3E-6,161.6956,1.5578949,510.02544,5.474,4504.9733,1.701,5014.9987,5.203,0.17634992,39.24952,,,,,1,,,,0.00012777223,115.32109,26145.466,3.1542321,0
20256895.39,,5905,162.822,162.922,-0.07,9.3E-6,161.72896,1.5737127,495.81565,3.007,4506.2378,1.701,5002.0534,2.479,0.045719918,38.675681,,,,,1,,,,0.0001293333,117.74856,26156.256,3.0657197,0
20257233.39,,5905,162.819,162.929,-0.07,9.4E-6,161.72425,1.5678956,496.56466,2.837,4506.099,1.701,5002.6637,2.271,0.23270026,38.834432,,,,,1,,,,0.00012882031,116.02704,26154.734,3.0704403,0
20257860.69,,5905,165.382,165.492,-0.07,9.3E-6,164.25318,1.5954372,515.99436,3.556,4612.89,1.733,5128.8844,3.556,0.23399112,39.971233,1.088714,76.750696,,,1,,,,0.00012871885,116.50329,26979.109,3.1414573,0
20258207.53,,5905,165.379,165.471,-0.07,9.4E-6,164.28954,1.6088197,497.73728,3.02,4614.3021,1.734,5112.0394,2.473,0.74524841,39.046697,,,,,1,,,,0.00013092117,119.9137,26991.054,3.0296345,0
20258549.66,,5905,165.396,165.483,-0.07,9.3E-6,164.29027,1.592485,497.60304,2.986,4614.393,1.734,5111.9961,2.431,0.76957657,39.067156,,,,,1,,,,0.0001308515,117.14009,26991.293,3.0288041,0
20259178.7,,5905,167.949,168.019,-0.07,9.3E-6,166.78377,1.6059376,516.9982,5.785,4719.3003,1.772,5236.2985,5.507,0.2280114,39.691658,,,,,1,,,,0.00013192441,117.20147,27816.825,3.0998113,0
20259524.98,,5905,167.952,168.006,-0.07,9.3E-6,166.8109,1.6206856,512.71955,2.924,4720.3206,1.772,5233.0401,2.326,0.48314502,39.330131,,,,,1,,,,0.00013305422,119.07497,27825.878,3.0736573,0
20259868.45,,5905,167.956,167.998,-0.07,9.3E-6,166.80945,1.6106907,516.25854,3.155,4720.2648,1.772,5236.5234,2.61,5.1821653,39.216607,,,,,1,,,,0.00013352821,117.99039,27825.392,3.0948999,0
20260495.36,,5905,170.513,170.582,-0.07,9.2E-6,169.34175,1.6309304,509.46579,5.016,4826.7019,1.825,5336.1676,4.672,0.15676376,39.855875,,,,,1,,,,0.0001338866,117.64982,28676.628,3.0085067,0
20260799.33,,5905,170.506,170.586,-0.07,9.3E-6,169.368,1.6389794,519.19772,2.826,4827.6577,1.825,5346.8554,2.158,0.063816077,39.471254,,,,,1,,,,0.00013546201,119.56763,28685.52,3.0655006,0
20261144.67,,5905,170.518,170.56,-0.07,9.2E-6,169.36688,1.6372919,510.12471,2.81,4827.6711,1.825,5337.7958,2.137,0.044564994,39.54017,,,,,1,,,,0.00013499678,118.41376,28685.14,3.0119508,0
20261776.41,,5905,173.09,173.169,-0.07,9.4E-6,171.92509,1.6505192,524.87308,4.979,4935.1516,1.899,5460.0246,4.603,0.10530958,40.019106,,,,,1,,,,0.00013643545,118.62051,29558.237,3.0529173,0
20262081.28,,5905,173.078,173.162,-0.07,9.3E-6,171.96013,1.6638802,510.86087,3.09,4936.536,1.9,5447.3968,2.437,0.066668484,39.552531,,,,,1,,,,0.00013772562,120.05732,29570.287,2.9708099,0
20262425.28,,5905,173.074,173.167,-0.07,9.3E-6,171.9593,1.6578837,521.34846,2.95,4936.5712,1.9,5457.9196,2.256,0.17918965,39.760157,,,,,1,,,,0.00013727108,118.65759,29570.002,3.031813,0
20263058.66,,5905,175.64,175.742,-0.07,9.2E-6,174.4872,1.6761489,537.5741,5.786,5043.0614,2,5580.6355,5.429,0.17264153,40.383841,,,,,1,,,,0.00013818982,119.28047,30445.782,3.0808799,0
20263410.73,,5905,175.65,175.735,-0.07,9.3E-6,174.52114,1.6934412,514.61537,3.425,5044.3593,2.001,5558.9747,2.779,0.58107109,39.910279,,,,,1,,,,0.00013928679,121.15152,30457.628,2.948728,0
20263757.83,,5905,175.66,175.734,-0.07,9.3E-6,174.51962,1.6837626,514.26601,3.06,5044.3628,2.001,5558.6288,2.315,0.42375009,39.820606,,,,,1,,,,0.00013959177,119.73084,30457.099,2.9467518,0
20264391.63,,5905,178.204,178.268,-0.07,9.4E-6,177.01244,1.6912383,546.85364,5.354,5150.1831,2.145,5697.0367,4.905,0.30841932,40.437747,,,,,1,,,,0.00014088413,119.46182,31333.404,3.0893515,0
20264699.56,,5905,178.207,178.252,-0.07,9.4E-6,177.04705,1.7072058,512.72292,3.778,5151.4864,2.147,5664.2093,3.108,0.090694841,39.776434,,,,,1,,,,0.00014240113,121.31324,31345.658,2.8959698,0
20265002.98,,5905,178.2,178.26,-0.07,9.3E-6,177.04461,1.6942716,530.9045,3.127,5151.479,2.147,5682.3835,2.273,0.031359914,39.918395,,,,,1,,,,0.00014235,119.3293,31344.794,2.9987047,0
20265637.19,,5905,180.761,180.867,-0.07,9.4E-6,179.60911,1.7157075,532.89474,5.772,5261.3128,2.349,5794.2076,5.272,0.097941198,40.568526,,,,,1,,,,0.00014282519,119.75519,32259.431,2.9669695,0
20265989.55,,5905,180.757,180.857,-0.07,9.2E-6,179.63504,1.7313615,531.78777,3.618,5262.3015,2.351,5794.0892,2.75,0.59760409,40.226195,,,,,1,,,,0.00014403772,121.70558,32268.748,2.9603788,0
20266338.41,,5905,180.784,180.851,-0.07,9.3E-6,179.64191,1.7282829,514.05858,3.412,5262.6319,2.351,5776.6905,2.473,1.0791507,40.151157,,,,,1,,,,0.00014387357,120.67858,32271.217,2.8615737,0
20266975.48,,5905,183.335,183.422,-0.07,9.3E-6,182.16899,1.7394396,541.25379,5.513,5371.1922,2.582,5912.446,4.87,0.13448253,40.778947,,,,,1,,,,0.00014498771,120.45347,33185.541,2.9711632,0
20267329.84,,5905,183.326,183.431,-0.07,9.2E-6,182.20003,1.7547033,524.43241,3.503,5372.3652,2.585,5896.7976,2.365,0.32672546,40.239259,,,,,1,,,,0.0001465434,122.33684,33196.853,2.8783332,0
20267678.08,,5905,183.336,183.435,-0.07,9.3E-6,182.20171,1.7445022,529.04506,3.611,5372.5293,2.585,5901.5743,2.521,0.2700307,40.284037,,,,,1,,,,0.00014649908,120.71778,33197.463,2.9036229,0
20268314.25,,5905,185.899,185.959,-0.07,9.3E-6,184.69468,1.7576618,550.18085,5.676,5479.4306,2.824,6029.6115,4.924,0.22550112,40.820872,,,,,1,,,,0.00014770903,120.85211,34112.126,2.9788668,0
20268668.39,,5905,185.898,185.953,-0.07,9.4E-6,184.72127,1.7761496,523.24972,3.712,5480.4385,2.826,6003.6882,2.406,0.27943684,40.412531,,,,,1,,,,0.00014856006,122.46262,34121.946,2.8326447,0
20268977.11,,5905,185.897,185.948,-0.07,9.3E-6,184.72829,1.7656327,529.62511,3.592,5480.7489,2.827,6010.374,2.217,0.03918017,40.32324,,,,,1,,,,0.00014905484,121.23759,34124.541,2.8670493,0
20269614.48,,5905,188.451,188.521,-0.07,9.2E-6,187.25569,1.7840553,531.68982,4.679,5588.4791,3.061,6120.1689,3.539,0.089897674,40.940935,,,,,1,,,,0.00014948777,120.96972,35064.692,2.8393788,0
20269969.61,,5905,188.466,188.516,-0.07,9.4E-6,187.27977,1.8007469,521.63398,4.194,5589.3717,3.063,6111.0057,2.865,0.94334811,40.581431,,,,,1,,,,0.00015058625,122.82281,35073.711,2.7853195,0
20270322.14,,5905,188.467,188.507,-0.07,9.3E-6,187.28165,1.7930439,540.35952,4.268,5589.5169,3.063,6129.8764,2.972,0.42253678,40.762855,,,,,1,,,,0.00015037898,121.74429,35074.415,2.8852775,0
20270963.98,,5905,190.999,191.113,-0.07,9.3E-6,189.84575,1.8111061,547.40795,6.573,5697.3381,3.27,6244.7461,5.702,0.1997078,41.175367,,,,,1,,,,0.00015166218,122.28857,36041.408,2.8834354,0
20271321.53,,5905,191.023,191.112,-0.07,9.3E-6,189.87589,1.8224965,521.63401,4.424,5698.4618,3.272,6220.0958,2.977,1.2470088,40.521683,,,,,1,,,,0.00015350043,123.5261,36052.852,2.7472368,0
20271673.7,,5905,191.024,191.104,-0.07,9.4E-6,189.87462,1.8131625,520.78709,5.205,5698.5227,3.272,6219.3098,4.048,1.3160891,40.670369,,,,,1,,,,0.00015291992,121.56505,36052.373,2.7427946,0
20272314.78,,5905,193.609,193.674,-0.07,9.3E-6,192.40241,1.8307791,535.76545,7.331,5803.0282,3.427,6338.7937,6.481,0.24864916,41.128313,,,,,1,,,,0.00015412238,122.01111,37018.688,2.7846088,0
20272629.16,,5905,193.586,193.658,-0.07,9.4E-6,192.43581,1.8366487,535.67808,4.358,5804.1969,3.428,6339.875,2.69,0.11064448,40.540917,,,,,1,,,,0.00015638213,123.38494,37031.541,2.7836715,0
20272982.25,,5905,193.598,193.666,-0.07,9.4E-6,192.4268,1.8265313,533.62392,4.294,5803.9214,3.428,6337.5454,2.586,0.75476576,40.584835,,,,,1,,,,0.0001561555,121.62275,37028.075,2.7731268,0
20273620.88,,5905,196.152,196.205,-0.07,9.3E-6,194.92691,1.8470267,532.56045,6.824,5904.9467,3.513,6437.5072,5.851,0.34248749,40.985873,,,,,1,,,,0.00015706649,121.75451,37996.499,2.7321033,0
20273975.8,,5905,196.149,196.191,-0.07,9.2E-6,194.95212,1.8593797,513.73797,4.187,5905.8543,3.513,6419.5923,2.279,0.19357841,40.517872,,,,,1,,,,0.00015843854,122.95762,38006.33,2.6352007,0
20274284.05,,5905,196.155,196.187,-0.07,9.4E-6,194.95195,1.8431077,513.56049,4.662,5905.8161,3.513,6419.3766,3.065,0.053584435,40.270855,,,,,1,,,,0.00015940502,121.55362,38006.263,2.6342927,0
20274921.05,,5905,198.74,198.782,-0.07,9.3E-6,197.51743,1.8586818,530.59551,6.571,6007.2098,3.523,6537.8053,5.546,0.096476336,40.887819,,,,,1,,,,0.00015989616,120.81256,39013.133,2.6863225,0
20275231.89,,5905,198.74,198.783,-0.07,9.2E-6,197.5504,1.8743852,509.0964,5.244,6008.3373,3.523,6517.4337,3.885,0.16805129,40.324323,,,,,1,,,,0.00016162537,122.66346,39026.16,2.5770456,0
20275540.73,,5905,198.717,198.783,-0.07,9.3E-6,197.54538,1.8570939,528.49343,5.08,6008.2071,3.523,6536.7005,3.66,0.083007496,40.337983,,,,,1,,,,0.00016204827,120.97297,39024.176,2.6753014,0
20276176.72,,5905,201.299,201.357,-0.07,9.4E-6,200.07365,1.8706098,569.18933,8.274,6106.1366,3.472,6675.3259,7.51,0.19134067,40.882638,,,,,1,,,,0.00016328022,121.01395,40029.467,2.844899,0
20276532.33,,5905,201.293,201.361,-0.07,9.4E-6,200.1066,1.8864288,540.97823,4.725,6107.2404,3.471,6648.2187,3.205,0.46684724,40.308752,,,,,1,,,,0.00016493239,122.64791,40042.653,2.7034502,0
20276885.2,,5905,201.281,201.352,-0.07,9.4E-6,200.10265,1.8757648,559.33776,4.773,6107.2037,3.471,6666.5415,3.276,0.29424477,40.511694,,,,,1,,,,0.00016455845,120.92626,40041.069,2.7952542,0
20277525.08,,5905,203.836,203.928,-0.07,9.3E-6,202.63714,1.9045486,562.9103,6.098,6203.7584,3.376,6766.6687,5.078,0.17960308,41.120434,,,,,1,,,,0.00016455733,121.53508,41061.812,2.7779226,0
20277882.92,,5905,203.847,203.916,-0.07,9.3E-6,202.66818,1.9269623,547.62001,4.559,6204.8427,3.375,6752.4627,3.065,0.25244744,40.875705,,,,,1,,,,0.00016519502,123.3613,41074.392,2.7020522,0
20278238.52,,5905,203.83,203.922,-0.07,9.4E-6,202.67409,1.9185374,549.86358,4.071,6205.0834,3.375,6754.947,2.277,0.96874841,40.784556,,,,,1,,,,0.00016562512,122.62711,41076.786,2.7130433,0
20278879.95,,5905,206.407,206.457,-0.07,9.3E-6,205.16782,1.9333687,567.43175,7.109,6298.7842,3.254,6866.216,6.321,0.26559746,41.183649,,,,,1,,,,0.0001667219,122.35367,42093.835,2.7656956,0
20279237.45,,5905,206.412,206.448,-0.07,9.4E-6,205.18964,1.9437076,565.37358,4.171,6299.5142,3.253,6864.8878,2.611,0.11884574,40.826272,,,,,1,,,,0.00016814878,123.55095,42102.788,2.755371,0
20279590.97,,5905,206.412,206.444,-0.07,9.2E-6,205.19373,1.941471,555.51631,4.294,6299.7201,3.252,6855.2364,2.804,0.92619275,40.849596,,,,,1,,,,0.0001678165,122.47882,42104.465,2.7072773,0
20280233.89,,5905,208.97,209.067,-0.07,9.4E-6,207.75629,1.9560242,576.62544,7.666,6394.9811,3.116,6971.6066,7.004,0.40230193,41.225337,,,,,1,,,,0.00016910975,122.54879,43162.674,2.7754897,0
20280590.98,,5905,208.974,209.057,-0.07,9.3E-6,207.78582,1.9691301,564.04384,4.07,6395.9861,3.115,6960.03,2.619,0.60952376,40.806399,,,,,1,,,,0.00017056222,123.67601,43174.948,2.7145444,0
20280944.94,,5905,208.984,209.053,-0.07,9.4E-6,207.79219,1.964283,555.48665,4.053,6396.2733,3.115,6951.7599,2.594,1.7553039,40.861391,,,,,1,,,,0.00017013028,122.4192,43177.596,2.6732797,0
20281587,,5905,211.551,211.625,-0.07,9.3E-6,210.30871,1.9785386,584.77317,7.037,6489.114,2.986,7073.8872,6.372,0.17628457,41.223461,,,,,1,,,,0.00017159857,122.58417,44229.755,2.7805466,0
20281900.63,,5905,211.525,211.617,-0.07,9.2E-6,210.34245,1.9911601,556.5602,4.553,6490.2459,2.984,7046.8061,3.439,0.048322705,40.689077,,,,,1,,,,0.00017318668,123.67038,44243.945,2.6459719,0
20282254.72,,5905,211.537,211.62,-0.07,9.2E-6,210.34165,1.9790027,556.07823,4.849,6490.282,2.984,7046.3603,3.822,2.2974187,40.600269,,,,,1,,,,0.00017355452,122.06723,44243.61,2.6436905,0
20282897.36,,5905,214.093,214.197,-0.07,9.2E-6,212.86368,1.9912148,608.85809,7.768,6582.9605,2.876,7191.8186,7.216,0.45918742,41.227243,,,,,1,,,,0.00017444335,121.80081,45310.944,2.8603193,0
20283211,,5905,214.107,214.181,-0.07,9.3E-6,212.90012,2.0091643,585.38981,3.956,6584.1514,2.874,7169.5412,2.718,0.024644391,40.730757,,,,,1,,,,0.00017602279,123.68173,45326.463,2.7495983,0
20283565.45,,5905,214.117,214.162,-0.07,9.3E-6,212.90237,2.0031279,561.28358,4.427,6584.2609,2.874,7145.5445,3.366,0.46757318,40.651026,,,,,1,,,,0.00017577771,122.19227,45327.418,2.6363426,0
20284206.13,,5905,216.668,216.696,-0.07,9.4E-6,215.3792,2.0114944,612.78386,7.087,6675.1931,2.804,7287.977,6.509,0.36970166,41.083362,,,,,1,,,,0.00017739485,121.95308,46388.199,2.8451395,0
20284562.75,,5905,216.677,216.69,-0.07,9.2E-6,215.40953,2.0320735,598.22099,5.386,6676.2139,2.803,7274.4349,4.598,0.32444377,40.882605,,,,,1,,,,0.00017793472,123.25009,46401.266,2.7771333,0
20284874.33,,5905,216.667,216.701,-0.07,9.2E-6,215.41514,2.0181364,580.28921,4.629,6676.3641,2.803,7256.6533,3.683,0.083554889,40.427574,,,,,1,,,,0.00017949762,122.64782,46403.684,2.6938181,0
20285515.42,,5905,219.234,219.275,-0.07,9.2E-6,217.93515,2.0301047,618.82573,8.047,6769.0734,2.776,7387.8992,7.553,0.36190407,41.089203,,,,,1,,,,0.00017980147,121.28272,47495.729,2.8394949,0
20285872.13,,5905,219.231,219.27,-0.07,9.3E-6,217.96063,2.0484236,613.41916,4.434,6769.8924,2.776,7383.3115,3.458,0.3443785,40.780115,,,,,1,,,,0.00018105176,123.26761,47506.837,2.8143576,0
20286225.67,,5905,219.226,219.285,-0.07,9.4E-6,217.96373,2.0409889,624.74311,4.114,6770.0523,2.776,7394.7954,3.036,0.10482535,40.831737,,,,,1,,,,0.00018110411,122.34034,47508.187,2.866271,0
20286864.83,,5905,221.809,221.871,-0.07,9.2E-6,220.53183,2.05978,630.5186,7.256,6864.4595,2.77,7494.9781,6.707,0.28403599,41.061744,,,,,1,,,,0.00018252946,122.49521,48634.288,2.8590821,0
20287220.14,,5905,221.792,221.877,-0.07,9.4E-6,220.5615,2.0700159,614.68134,5.575,6865.5131,2.77,7480.1944,4.839,2.3824036,40.683453,,,,,1,,,,0.00018386331,123.18523,48647.377,2.7868931,0
20287575.45,,5905,221.797,221.862,-0.07,9.2E-6,220.56094,2.0637655,633.34135,4.776,6865.5626,2.77,7498.904,3.891,0.2417828,40.852542,,,,,1,,,,0.00018356028,122.05036,48647.126,2.8715028,0
20288214.59,,5905,224.349,224.418,-0.07,9.2E-6,223.0902,2.0856133,618.73676,7.49,6958.2784,2.78,7577.0151,6.955,0.27218434,40.974592,,,,,1,,,,0.00018491984,122.55763,49769.236,2.7734825,0
20288526.89,,5905,224.347,224.442,-0.07,9.4E-6,223.12145,2.0901934,611.12279,4.49,6959.3599,2.78,7570.4827,3.525,0.07777313,40.537732,,,,,1,,,,0.00018675151,122.92378,49783.181,2.7389692,0
20288836.06,,5905,224.358,224.429,-0.07,9.4E-6,223.11899,2.0750778,633.17016,4.517,6959.28,2.78,7592.4501,3.56,0.040858563,40.488908,,,,,1,,,,0.00018751926,121.6132,49782.085,2.8378138,0
20289509.92,,5905,226.926,226.957,-0.07,9.2E-6,225.60281,2.0908446,646.64816,8.793,7049.9904,2.804,7696.6385,8.334,1.0683654,40.801967,,,,,1,,,,0.00018863401,121.46672,50896.627,2.8663125,0
20289863.98,,5905,226.924,226.956,-0.07,9.4E-6,225.63149,2.1109603,613.29039,4.454,7050.9772,2.804,7664.2676,3.461,0.41579826,40.500978,,,,,1,,,,0.00018923661,122.4059,50909.569,2.7181064,0
20290226.69,,5905,226.924,226.948,-0.07,9.3E-6,225.63248,2.1037709,609.7784,4.584,7051.0425,2.805,7660.8209,3.626,0.29888927,40.437577,,,,,1,,,,0.00018944807,121.50293,50910.015,2.7025294,0
20290868.63,,5905,229.489,229.513,-0.07,9.4E-6,228.15208,2.1122704,649.4947,7.003,7142.3835,2.841,7791.8782,6.401,0.66232667,40.698234,,,,,1,,,,0.00019145495,121.31273,52053.372,2.8467621,0
20291178.81,,5905,229.487,229.514,-0.07,9.4E-6,228.18019,2.1253146,632.08826,4.222,7143.3747,2.841,7775.463,3.123,0.034680036,40.361032,,,,,1,,,,0.00019264777,122.0947,52066.199,2.7701277,0
20291528.72,,5905,229.487,229.509,-0.07,9.2E-6,228.18143,2.1161109,624.64407,4.336,7143.4367,2.841,7768.0808,3.276,0.17891364,40.255444,,,,,1,,,,0.0001929697,121.0831,52066.766,2.7374886,0
20292169.98,,5905,232.037,232.124,-0.07,9.3E-6,230.7379,2.1333259,657.24516,8.526,7235.2761,2.887,7892.5213,8.022,0.45315205,40.744095,,,,,1,,,,0.00019370957,120.76633,53239.979,2.8484491,0
20292525.2,,5905,232.043,232.118,-0.07,9.3E-6,230.77814,2.1521133,621.7505,4.795,7236.554,2.888,7858.3045,3.828,0.82082949,40.231337,,,,,1,,,,0.00019532795,122.23229,53258.549,2.6941482,0
20292831.31,,5905,232.041,232.122,-0.07,9.3E-6,230.78048,2.1443007,594.73094,4.344,7236.7132,2.888,7831.4441,3.245,0.032060752,40.097834,,,,,1,,,,0.00019530841,120.69401,53259.628,2.5770418,0
20293468.31,,5905,234.62,234.674,-0.07,9.4E-6,233.29535,2.1517021,646.84078,8.05,7325.8989,2.941,7972.7397,7.493,0.75314218,40.503735,,,,,1,,,,0.00019683962,120.2935,54426.718,2.7726262,0
20293777.25,,5905,234.611,234.678,-0.07,9.4E-6,233.3356,2.1712733,615.17389,4.953,7327.2307,2.942,7942.4046,3.984,0.075501784,40.060913,,,,,1,,,,0.0001982582,121.5112,54445.502,2.6364339,0
20294127.25,,5905,234.622,234.667,-0.07,9.2E-6,233.3346,2.163396,627.50723,4.765,7327.2706,2.942,7954.7778,3.748,0.53254583,40.268804,,,,,1,,,,0.00019754194,120.18274,54445.036,2.6893021,0
20294779.48,,5905,237.182,237.227,-0.07,9.4E-6,235.85453,2.1803824,637.72703,7.314,7415.2525,3.001,8052.9795,6.67,0.78289583,40.311391,,,,,1,,,,0.00019976933,120.80641,55627.359,2.7038999,0
20295128.75,,5905,237.181,237.234,-0.07,9.2E-6,235.88167,2.1955238,618.16262,4.616,7416.2015,3.001,8034.3642,3.507,0.14258413,40.140881,,,,,1,,,,0.00020015415,120.93417,55640.163,2.6206471,0
20295434.58,,5905,237.167,237.229,-0.07,9.4E-6,235.88802,2.1860042,596.27597,5.875,7416.3381,3.001,8012.614,5.05,0.078660376,39.798001,,,,,1,,,,0.00020133207,120.42264,55643.159,2.5277925,0
20296067.14,,5905,239.751,239.742,-0.07,9.4E-6,238.3665,2.1934375,639.59447,5.835,7501.4431,3.062,8141.0375,4.968,0.28796803,40.245534,,,,,1,,,,0.00020228425,119.394,56818.587,2.6832398,0
20296417.89,,5905,239.75,239.733,-0.07,9.4E-6,238.39433,2.2121103,640.30409,4.701,7502.345,3.062,8142.6491,3.567,0.34202525,40.062653,,,,,1,,,,0.00020324787,120.7366,56831.856,2.6859032,0
20296766.78,,5905,239.748,239.744,-0.07,9.4E-6,238.39963,2.2088956,625.19751,4.544,7502.4937,3.063,8127.6912,3.357,1.0209565,39.926068,,,,,1,,,,0.00020356853,120.18796,56834.385,2.6224768,0
20297403.97,,5905,242.314,242.31,-0.07,9.3E-6,240.93079,2.2216474,617.88464,7.776,7587.5412,3.125,8205.4258,7.12,0.24588518,39.905838,,,,,1,,,,0.00020561968,119.77821,58047.644,2.5645732,0
20297708.44,,5905,242.308,242.311,-0.07,9.3E-6,240.96024,2.2296314,610.13467,4.648,7588.5084,3.126,8198.6431,3.44,0.053495387,39.724417,,,,,1,,,,0.000206388,119.71751,58061.838,2.5320968,0
20298055.31,,5905,242.303,242.308,-0.07,9.2E-6,240.96252,2.2284512,586.30298,4.199,7588.5566,3.126,8174.8596,2.804,0.35585675,39.579398,,,,,1,,,,0.0002065433,119.17325,58062.936,2.4331708,0
20298691.25,,5905,244.872,244.929,-0.07,9.4E-6,243.5312,2.2388448,633.09748,7.004,7673.4498,3.204,8306.5473,6.228,0.33754476,39.958087,,,,,1,,,,0.00020788151,118.73819,59307.447,2.5996565,0
20298995.81,,5905,244.879,244.933,-0.07,9.4E-6,243.56788,2.2528925,632.37866,5.899,7674.578,3.206,8306.9567,4.952,0.13717969,39.662408,,,,,1,,,,0.00020944156,119.87426,59325.314,2.5963138,0
20299341.2,,5905,244.883,244.93,-0.07,9.4E-6,243.57253,2.2490818,620.64179,5.053,7674.7711,3.206,8295.4129,3.905,0.3532503,39.610669,,,,,1,,,,0.0002094237,118.98723,59327.576,2.5480779,0
20299974.34,,5905,247.434,247.503,-0.07,9.2E-6,246.09446,2.2591302,639.71266,7.438,7756.9017,3.305,8396.6144,6.664,0.65149356,39.695543,,,,,1,,,,0.00021152537,118.83201,60562.482,2.5994599,0
20300276.94,,5905,247.44,247.496,-0.07,9.4E-6,246.13041,2.2740625,617.95825,4.572,7757.9989,3.306,8375.9571,3.158,0.027273058,39.442735,,,,,1,,,,0.00021235741,119.08663,60580.178,2.5106945,0
20300579.2,,5905,247.461,247.491,-0.07,9.2E-6,246.13638,2.2600395,619.48356,4.882,7758.1836,3.306,8377.6671,3.591,0.051785154,39.245078,,,,,1,,,,0.00021347052,118.3282,60583.119,2.5168305,0
20301206.33,,5905,249.99,250.069,-0.07,9.2E-6,248.65124,2.2753457,670.56541,8.149,7839.0565,3.42,8509.6219,7.396,0.27948812,39.774137,,,,,1,,,,0.00021394862,117.73523,61827.437,2.6968111,0
20301510.16,,5905,249.987,250.064,-0.07,9.2E-6,248.69167,2.2977631,631.91866,4.898,7840.2012,3.422,8472.1199,3.505,0.037723325,39.300296,,,,,1,,,,0.00021557395,119.32241,61847.545,2.5409724,0
20301809,,5905,249.993,250.048,-0.07,9.3E-6,248.69213,2.2841192,631.84414,4.697,7840.2886,3.422,8472.1327,3.217,0.030647335,39.229254,,,,,1,,,,0.00021596467,117.90089,61847.773,2.5406681,0
20302500.13,,5905,249.999,250.068,-0.07,9.4E-6,248.76196,2.4250576,614.68404,5.408,7841.9385,3.424,8456.6226,4.186,0.21774457,39.255385,,,,,1,,,,0.0002154258,133.90147,61882.513,2.4709728,0
20302841.23,,5905,250,250.053,-0.07,9.4E-6,248.69418,2.2849413,627.1984,4.527,7840.3692,3.422,8467.5676,2.963,0.1716283,39.3091,,,,,1,,,,0.00021540986,117.76615,61848.793,2.5219666,0
20303182.52,,5905,250.012,250.054,-0.07,9.3E-6,248.69232,2.2893141,615.03358,4.778,7840.3099,3.422,8455.3435,3.335,0.11371812,39.246624,,,,,1,,,,0.00021544129,117.9273,61847.868,2.4730703,0
20303881,,5905,260,260.077,-0.07,9.3E-6,258.57987,2.3722952,659.90834,10.86,8145.0408,3.893,8804.9492,10.13,0.16270992,39.063827,,,,,1,,,,0.00022539904,117.73987,66863.551,2.5520484,0
20304179.02,,5905,259.994,260.07,-0.07,9.3E-6,258.62792,2.3752447,642.98793,5.081,8146.4044,3.895,8789.3923,3.262,0.03761044,38.640483,,,,,1,,,,0.0002274659,117.19148,66888.403,2.4861505,0
20304475.25,,5905,259.999,260.055,-0.07,9.3E-6,258.64553,2.3701845,620.34047,4.793,8146.9709,3.896,8767.3114,2.791,0.011160226,38.628785,,,,,1,,,,0.00022696317,115.92145,66897.509,2.3984195,0
20305131.86,,5905,270.006,270.012,-0.07,9.2E-6,268.4624,2.4423965,654.12225,7.705,8426.8498,4.124,9080.972,7.705,0.2279805,39.266478,3.3580945,43.509519,,,1,,,,0.00023297008,115.88636,72072.06,2.4365507,0
