[Header]
TITLE,ML_PPMS_20200818_2_MKS-Bi2WO6-oxidized LDFZ xtal_4.99 mg-HC-2-300K_0T.dat
BYAPP,HeatCapacity,3.9.6,1.7
INFO,4.99,MASS:Sample Mass (mg)
INFO,0.2,MASSERR:Sample Mass Error (mg)
INFO,,MOLWGHT:Formula Weight (g/mole)
INFO,,ATOMS:Atoms per Formula Unit
INFO,PPMS Heat Capacity Option 3.9.6 Build 3,APPNAME
DATATYPE,TIME,1
DATATYPE,COMMENT,2
STARTUPAXIS, X, 8, LINEAR, AUTO
STARTUPAXIS, Y1, 10, LINEAR, AUTO
[Data]
Time Stamp (Seconds),Comment (),System Status (Code),Puck Temp (Kelvin),System Temp (Kelvin),Field (Oersted),Pressure (Torr),Sample Temp (Kelvin),Temp Rise (Kelvin),Samp HC (µJ/K),Samp HC Err (µJ/K),Addenda HC (µJ/K),Addenda HC Err (µJ/K),Total HC (µJ/K),Total HC Err (µJ/K),Fit Deviation (ChiSquare),Time Const tau1 (seconds),Time Const tau2 (seconds),Sample Coupling (Percent),Debye Temp (Kelvin),Debye Temp Err (Kelvin),Cal Correction (Factor),Therm Resist (Ohms),Htr Resist (Ohms),Puck Resist (Ohms),Wire Cond (W/K),Meas Time (seconds),Temp Squared (K^2),Samp HC/Temp (µJ/K/K),Addenda Offset HC (µJ/K)
19978769.36,CALFILE: C:\QdPpms\HEATCA~1\TempCal\Standard\Puck1010_1.cal|Addenda #61 measured on 8/17/2020 from 2.0477 to 301.56 K
19978769.59,,5905,,2.0019,0.056,9.3E-6,2.0423547,0.020697717,0.033897742,0.002552,0.16960271,0.001262,0.20350045,0.002218,0.13030535,0.12419365,,,,,1,,,,1.6385737E-6,0.32172555,4.1712128,0.016597382,0
19978797.05,,5905,,2.0015,0.056,9.3E-6,2.042963,0.02238498,0.034134177,0.001792,0.16968701,0.001266,0.20382119,0.001269,0.21371639,0.12550339,,,,,1,,,,1.6240293E-6,0.37258096,4.173698,0.016708172,0
19978818.3,,5905,,2.0014,0.056,9.4E-6,2.0436496,0.022371322,0.033346188,0.00263,0.16979321,0.001271,0.2031394,0.002302,0.11099046,0.12334549,,,,,1,,,,1.6469139E-6,0.37651018,4.1765037,0.016316979,0
19978950.3,,5905,,2.1512,0.056,9.4E-6,2.1931716,0.02253377,0.036876127,0.002096,0.20141633,0.001974,0.23829246,0.0007035,0.26158643,0.12854534,,,,,1,,,,1.853762E-6,0.37003648,4.8100015,0.016814064,0
19978968.11,,5905,,2.1512,0.056,9.4E-6,2.1932468,0.023015356,0.037966593,0.002489,0.20142151,0.001974,0.2393881,0.001515,2.486261,0.12984252,,,,,1,,,,1.8436803E-6,0.38563601,4.8103316,0.01731068,0
19978989.48,,5905,,2.1519,0.056,9.2E-6,2.1940532,0.023074439,0.036539774,0.002879,0.20156854,0.001975,0.23810831,0.002095,0.56606457,0.12751829,,,,,1,,,,1.8672483E-6,0.38952756,4.8138696,0.016654005,0
19979124.8,,5905,,2.316,0.056,9.3E-6,2.3571724,0.026185532,0.040094041,0.002682,0.23983985,0.001593,0.27993389,0.002682,0.056996605,0.13477031,0.00057524782,96.633929,,,1,,,,2.0786091E-6,0.38255487,5.5562618,0.01700938,0
19979144,,5905,,2.3163,0.056,9.4E-6,2.3560344,0.024043351,0.05050616,0.002862,0.23995906,0.00159,0.29046522,0.00238,0.33351042,0.14574925,,,,,1,,,,1.9929105E-6,0.40431092,5.5508982,0.021436936,0
19979162.53,,5905,,2.3166,0.056,9.3E-6,2.3566682,0.025053018,0.049479448,0.001588,0.24008631,0.001588,0.28956576,0,0.50246377,0.14596557,,,,,1,,,,1.983795E-6,0.43724776,5.5538852,0.020995508,0
19979295.09,,5905,,2.4923,0.056,9.3E-6,2.5278922,0.02527427,0.057262401,0.004298,0.28577906,0.001007,0.34304146,0.004178,0.034957913,0.15356664,,,,,1,,,,2.233828E-6,0.43789671,6.3902388,0.022652232,0
19979322.5,,5905,,2.4936,0.056,9.4E-6,2.5302042,0.02639452,0.065545268,0.005281,0.28645708,0.001006,0.35200235,0.005184,0.1066947,0.16639131,,,,,1,,,,2.1155093E-6,0.46069993,6.4019333,0.025905129,0
19979341.72,,5905,,2.4896,0.056,9.4E-6,2.5294923,0.026909672,0.057004392,0.004157,0.28615936,0.001007,0.34316376,0.004034,0.041944967,0.15433838,,,,,1,,,,2.2234506E-6,0.49917392,6.3983311,0.022535903,0
19979482.55,,5905,,2.6798,0.056,9.3E-6,2.7392417,0.026684655,0.079206315,0.002063,0.34998097,0.001603,0.42918729,0.001299,1.8955932,0.18055927,,,,,1,,,,2.3769884E-6,0.46301514,7.5034453,0.028915416,0
19979500.61,,5905,,2.6807,0.056,9.3E-6,2.7406334,0.02882717,0.081056646,0.002019,0.35033839,0.001608,0.43139504,0.00122,1.1863826,0.18228968,,,,,1,,,,2.3665358E-6,0.54167782,7.5110715,0.02957588,0
19979518.92,,5905,,2.6781,0.056,9.3E-6,2.7422833,0.031234067,0.065818543,0.001678,0.35035655,0.001608,0.41617509,0.001678,8.6471502,0.16762132,0.00047144558,97.929057,,,1,,,,2.4841461E-6,0.54686903,7.5201175,0.024001365,0
19979669.58,,5905,,2.8856,0.056,9.3E-6,2.9415699,0.029681549,0.095978232,0.002474,0.41840386,0.002396,0.51438209,0.002474,1.0666177,0.2090864,0.0086704157,78.199113,,,1,,,,2.4850638E-6,0.50286395,8.6528332,0.032628235,0
19979687.78,,5905,,2.8841,0.056,9.4E-6,2.9443021,0.033435535,0.094542496,0.002424,0.41904508,0.0024,0.51358757,0.002424,1.6942346,0.20308889,0.0040737281,88.121328,,,1,,,,2.5406699E-6,0.62725919,8.6689148,0.032110325,0
19979705.64,,5905,,2.8841,0.056,9.3E-6,2.944612,0.032901751,0.093750648,0.002434,0.41922414,0.002401,0.51297479,0.002434,1.8879553,0.20433498,0.0054690716,84.642406,,,1,,,,2.5260951E-6,0.60926666,8.6707396,0.031838032,0
19979850.41,,5905,,3.1024,0.056,9.3E-6,3.157801,0.032832371,0.13375812,0.004353,0.50092347,0.002269,0.63468159,0.004353,0.018217158,0.23822792,0.0083000053,82.399343,,,1,,,,2.6903751E-6,0.61300493,9.9717073,0.042357996,0
19979872.56,,5905,,3.1013,0.056,9.3E-6,3.1594753,0.034944634,0.12423433,0.003917,0.5012275,0.002266,0.62546183,0.003917,0.01859181,0.21986309,0.0041705945,89.25963,,,1,,,,2.8585462E-6,0.71468376,9.9822842,0.039321192,0
19979891.22,,5905,,3.1041,0.056,9.4E-6,3.1605694,0.034493452,0.12255042,0.002444,0.50195017,0.00226,0.62450058,0.002444,0.45990331,0.23450946,0.00722642,83.440277,,,1,,,,2.6840128E-6,0.65958926,9.9891986,0.038774791,0
19980048.53,,5905,,3.3365,0.056,9.2E-6,3.3938228,0.036218911,0.14470692,0.0018,0.60749079,0.001277,0.75219771,0.0018,0.48978055,0.24920538,0.0027358953,93.367479,,,1,,,,3.0264085E-6,0.70352837,11.518033,0.042638326,0
19980067.98,,5905,,3.3394,0.056,9.3E-6,3.3938959,0.035505335,0.16037813,0.003069,0.60801963,0.001275,0.76839776,0.002791,2.3265127,0.25961656,,,,,1,,,,2.959741E-6,0.74761615,11.518529,0.047254876,0
19980087.16,,5905,,3.3401,0.056,9.4E-6,3.3954281,0.0355688,0.12953247,0.005176,0.60855637,0.001273,0.73808885,0.005017,1.1221709,0.2355974,,,,,1,,,,3.1328395E-6,0.77884967,11.528932,0.038149085,0
19980224.66,,5905,,3.5925,0.056,9.4E-6,3.6077943,0.034208912,0.1854023,0.003615,0.72521534,0.001945,0.91061764,0.003047,0.79970705,0.2750716,,,,,1,,,,3.3104749E-6,0.70679221,13.016179,0.051389378,0
19980244.42,,5905,,3.5921,0.056,9.3E-6,3.6086904,0.037126726,0.189616,0.005249,0.72560858,0.001949,0.91522458,0.004874,0.46859871,0.28181128,,,,,1,,,,3.2476507E-6,0.8252148,13.022646,0.05254427,0
19980264.7,,5905,,3.5887,0.056,9.3E-6,3.6095584,0.036669353,0.1964777,0.003421,0.72599759,0.001953,0.92247529,0.002809,1.9658121,0.27428889,,,,,1,,,,3.3631522E-6,0.84543383,13.028912,0.054432614,0
19980419.98,,5905,,3.866,0.056,9.4E-6,3.8817631,0.036130625,0.3440311,0.009408,0.89178334,0.003198,1.2358144,0.008848,2.698085,0.3520891,,,,,1,,,,3.509948E-6,0.82286667,15.068085,0.088627537,0
19980440.11,,5905,,3.8655,0.056,9.3E-6,3.8837998,0.039975354,0.35753496,0.008756,0.89262278,0.003198,1.2501577,0.008151,1.2512989,0.34626857,,,,,1,,,,3.6103703E-6,1.0562673,15.083901,0.09205803,0
19980463.16,,5905,,3.8635,0.056,9.4E-6,3.8833385,0.039493489,0.34997663,0.006547,0.89230526,0.003198,1.2422819,0.005713,2.0652527,0.33897432,,,,,1,,,,3.664826E-6,1.0388057,15.080318,0.090122618,0
19980616.58,,5905,,4.1561,0.056,9.4E-6,4.1823241,0.040663407,0.37701678,0.007906,1.0933156,0.00259,1.4703324,0.007469,0.21147447,0.36704017,,,,,1,,,,4.0059169E-6,1.016923,17.491835,0.090145281,0
19980640.63,,5905,,4.1584,0.056,9.4E-6,4.1837796,0.042792822,0.37875897,0.003266,1.0935385,0.002589,1.4722974,0.003266,1.2285402,0.35546954,0.002352864,96.636875,,,1,,,,4.1514418E-6,1.1011205,17.504012,0.090530334,0
19980660.13,,5905,,4.1577,0.056,9.3E-6,4.1830297,0.042334388,0.36606361,0.004117,1.0931509,0.002591,1.4592145,0.004117,0.34217865,0.35615605,0.004051133,94.25103,,,1,,,,4.1130303E-6,1.0664086,17.497738,0.087511598,0
19980800.47,,5905,,4.4709,0.056,9.3E-6,4.4992246,0.042241247,0.47671787,0.005386,1.3672303,0.002808,1.8439482,0.005386,0.11655338,0.41657038,0.0089114267,89.820484,,,1,,,,4.4607676E-6,1.0684681,20.243022,0.10595556,0
19980827.58,,5905,,4.4711,0.056,9.4E-6,4.5007399,0.045408954,0.49425146,0.009492,1.3687949,0.002812,1.8630463,0.009066,0.45457646,0.43053455,,,,,1,,,,4.3272864E-6,1.2497111,20.256659,0.1098156,0
19980852.94,,5905,,4.472,0.056,9.3E-6,4.5012949,0.046831015,0.47084432,0.009811,1.3692913,0.002813,1.8401356,0.009399,0.76213672,0.43393381,,,,,1,,,,4.2405905E-6,1.2916037,20.261655,0.10460197,0
19980999.08,,5905,,4.8148,0.056,9.3E-6,4.8373429,0.047829594,0.55991238,0.01046,1.6920007,0.003522,2.2519131,0.009851,4.29385,0.48158056,,,,,1,,,,4.6760881E-6,1.3018014,23.399886,0.11574792,0
19981020.5,,5905,,4.8134,0.056,9.4E-6,4.8394181,0.050627831,0.49408724,0.006506,1.6935275,0.003524,2.1876148,0.00547,1.8264996,0.46468776,,,,,1,,,,4.707709E-6,1.4447417,23.419968,0.10209642,0
19981040.77,,5905,,4.815,0.056,9.3E-6,4.8382754,0.049403557,0.51910285,0.004959,1.6917349,0.003522,2.2108377,0.004959,0.11128646,0.44943094,0.0040727588,95.172599,,,1,,,,4.9330754E-6,1.3940633,23.408909,0.10729089,0
19981192.58,,5905,,5.1801,0.056,9.3E-6,5.2060063,0.05078587,0.64472662,0.005965,2.0473081,0.003626,2.6920347,0.005965,0.14279638,0.52009581,0.0061402388,93.869239,,,1,,,,5.1956588E-6,1.3482928,27.102502,0.12384284,0
19981213.91,,5905,,5.1781,0.056,9.4E-6,5.2052078,0.053871275,0.69413813,0.009344,2.046754,0.003626,2.7408921,0.008612,0.30566195,0.54311999,,,,,1,,,,5.0465682E-6,1.5602874,27.094188,0.13335455,0
19981238.64,,5905,,5.1798,0.056,9.3E-6,5.2057077,0.055396202,0.64994119,0.004018,2.0462499,0.003626,2.6961911,0.004018,2.3804245,0.51920188,0.0038192727,96.117021,,,1,,,,5.2052344E-6,1.62936,27.099392,0.12485165,0
19981403.41,,5905,,5.5719,0.056,9.3E-6,5.5999049,0.055556598,0.83321353,0.005301,2.4777509,0.004531,3.3109644,0.005301,1.1501496,0.58584335,0.0054891129,95.231599,,,1,,,,5.669712E-6,1.5576057,31.358935,0.14879066,0
19981425.56,,5905,,5.5708,0.056,9.3E-6,5.6017641,0.059135719,0.84371657,0.005383,2.4794867,0.004536,3.3232033,0.005383,1.0639988,0.59413382,0.0040853987,96.481142,,,1,,,,5.6065991E-6,1.7575301,31.379761,0.15061623,0
19981447.69,,5905,,5.5718,0.056,9.4E-6,5.601635,0.058640102,0.79657525,0.005294,2.4788696,0.004534,3.2754449,0.005294,0.82940045,0.56529425,0.0042791403,96.030919,,,1,,,,5.8085023E-6,1.7824014,31.378315,0.14220406,0
19981602.19,,5905,,5.9938,0.056,9.4E-6,6.0280472,0.059656481,1.0512089,0.007661,3.0162414,0.006242,4.0674503,0.007661,1.1341362,0.65776769,0.0015015503,98.821039,,,1,,,,6.1886575E-6,1.6958828,36.337353,0.17438631,0
19981626.14,,5905,,5.9935,0.056,9.3E-6,6.0287506,0.061379562,1.1844701,0.01505,3.0174346,0.006246,4.2019047,0.0137,0.31077941,0.67242753,,,,,1,,,,6.2488588E-6,1.9733031,36.345834,0.19647025,0
19981652.55,,5905,,5.993,0.056,9.3E-6,6.0292676,0.063843776,1.1237396,0.007249,3.017656,0.006246,4.1413957,0.007249,1.7276762,0.67981789,0.0069851959,95.023186,,,1,,,,6.1156557E-6,2.0172826,36.352068,0.18638079,0
19981808.77,,5905,,6.4487,0.056,9.4E-6,6.4795179,0.065209015,1.4772786,0.009025,3.6520131,0.007494,5.1292917,0.009025,1.0445294,0.7537034,0.0019776536,98.733917,,,1,,,,6.812709E-6,2.0394537,41.984152,0.22799206,0
19981836,,5905,,6.449,0.056,9.3E-6,6.4798622,0.067292086,1.5399535,0.009326,3.6535319,0.007495,5.1934854,0.009326,3.5887788,0.77795837,0.013554107,92.18318,,,1,,,,6.7264489E-6,2.2611102,41.988614,0.23765221,0
19981859.81,,5905,,6.4508,0.056,9.3E-6,6.4808846,0.066744463,1.4742761,0.0161,3.6546547,0.007496,5.1289308,0.01424,0.32178646,0.72678176,,,,,1,,,,7.0570439E-6,2.3338751,42.001865,0.2274807,0
19982022.69,,5905,,6.9406,0.056,9.2E-6,6.9741363,0.065930239,1.9976414,0.02288,4.4205211,0.007078,6.4181625,0.02176,0.57780048,0.83817058,,,,,1,,,,7.6573464E-6,2.1803453,48.638577,0.28643567,0
19982046.41,,5905,,6.9376,0.056,9.3E-6,6.9763154,0.071202157,2.0752029,0.02063,4.4253673,0.007074,6.5005702,0.01938,1.1537429,0.87586435,,,,,1,,,,7.4218915E-6,2.5145118,48.668976,0.29746403,0
19982071.08,,5905,,6.9376,0.056,9.2E-6,6.9770005,0.073684237,1.973184,0.02555,4.4226097,0.007076,6.3957937,0.02455,1.4309246,0.87495817,,,,,1,,,,7.3098279E-6,2.6275931,48.678536,0.28281265,0
19982234.77,,5905,,7.4657,0.056,9.2E-6,7.5067137,0.075755514,2.6478365,0.01105,5.3562483,0.00719,8.0040848,0.01105,0.38942845,0.96837523,0.0021526384,99.003658,,,1,,,,8.2746019E-6,2.6248745,56.350751,0.35272911,0
19982259.08,,5905,,7.4669,0.056,9.3E-6,7.5082599,0.079433705,2.5531136,0.009956,5.3594126,0.007194,7.9125261,0.009956,2.9771862,0.96206256,0.0017701551,99.16369,,,1,,,,8.2317792E-6,2.9051257,56.373967,0.34004065,0
19982283.27,,5905,,7.4675,0.056,9.4E-6,7.5078098,0.077756899,2.7362979,0.008974,5.3585706,0.007193,8.0948685,0.008974,1.862073,0.97055206,0.0022485371,98.972844,,,1,,,,8.350392E-6,2.8861877,56.367208,0.36446021,0
19982451.91,,5905,,8.0328,0.056,9.2E-6,8.0708294,0.079602504,3.5899637,0.01258,6.4894849,0.009097,10.079449,0.01258,0.55185833,1.1142082,0.004447678,98.281521,,,1,,,,9.0664343E-6,2.9116562,65.138287,0.44480729,0
19982476.19,,5905,,8.0336,0.056,9.3E-6,8.073226,0.084671687,3.5946193,0.01167,6.4955605,0.009108,10.09018,0.01167,1.5152218,1.124276,0.0053785199,97.945888,,,1,,,,8.9988268E-6,3.3426246,65.176978,0.44525191,0
19982501.72,,5905,,8.034,0.056,9.4E-6,8.0736464,0.08310741,3.572214,0.02138,6.4977166,0.009112,10.069931,0.01934,0.71090611,1.1048563,,,,,1,,,,9.114245E-6,3.3728281,65.183766,0.44245362,0
19982670.34,,5905,,8.6436,0.056,9.4E-6,8.6904454,0.084504882,4.9206561,0.01854,7.865615,0.01163,12.786271,0.01854,0.20616595,1.2961999,0.0071406686,97.710369,,,1,,,,9.8988523E-6,3.3145688,75.523842,0.56621449,0
19982698.42,,5905,,8.6437,0.056,9.3E-6,8.6947381,0.091836668,4.9641606,0.01419,7.8707903,0.01164,12.834951,0.01419,1.3924521,1.3028068,0.0049024709,98.43084,,,1,,,,9.8753511E-6,3.8885998,75.59847,0.57093848,0
19982724.33,,5905,,8.644,0.056,9.4E-6,8.6949032,0.091488112,5.0531387,0.01879,7.8706728,0.01164,12.923811,0.01879,0.32822387,1.2962392,0.0022340677,99.279814,,,1,,,,9.9813127E-6,3.9084204,75.601342,0.581161,0
19982899.88,,5905,,9.2993,0.056,9.3E-6,9.3458841,0.091973096,6.6828149,0.02172,9.4628085,0.01491,16.145623,0.02172,0.27410122,1.474657,0.0081475561,97.755922,,,1,,,,1.0992031E-5,3.8887175,87.34555,0.71505433,0
19982926.33,,5905,,9.2997,0.056,9.2E-6,9.3493325,0.098061995,6.7039924,0.01943,9.4731309,0.01493,16.177123,0.01943,0.5110806,1.5012631,0.0076223348,97.93603,,,1,,,,1.0814875E-5,4.4239709,87.410019,0.71705572,0
19982952.59,,5905,,9.3003,0.056,9.4E-6,9.3495382,0.0997099,6.5829286,0.02032,9.4734907,0.01494,16.056419,0.02032,0.32267612,1.4937789,0.0050523847,98.6146,,,1,,,,1.0774328E-5,4.5037893,87.413865,0.70409131,0
19983133.05,,5905,,10.0041,0.056,9.4E-6,10.054706,0.098943097,8.9808544,0.02595,11.397331,0.0202,20.378185,0.02595,1.3705008,1.7234118,0.0087862138,97.957374,,,1,,,,1.1872462E-5,4.4813367,101.09711,0.8931991,0
19983160.84,,5905,,10.0047,0.056,9.4E-6,10.058208,0.10762518,8.6680206,0.02439,11.401961,0.02021,20.069981,0.02439,1.0474429,1.7019105,0.0063793781,98.486756,,,1,,,,1.1826543E-5,5.1702354,101.16755,0.86178577,0
19983188.59,,5905,,10.0046,0.056,9.2E-6,10.058281,0.10631509,9.0177398,0.02627,11.403,0.02022,20.42074,0.02627,2.0083702,1.743671,0.0090679546,97.917689,,,1,,,,1.1760171E-5,5.1057316,101.16901,0.89654882,0
19983491.53,,5905,,10.7625,0.056,9.4E-6,10.845913,0.10815625,11.359968,0.03969,13.816636,0.02643,25.176604,0.03969,0.49102504,1.9026874,0.0079265257,98.334143,,,1,,,,1.3277958E-5,5.2310131,117.63382,1.0473962,0
19983521,,5905,,10.7662,0.056,9.3E-6,10.845501,0.10890532,11.318302,0.08824,13.817776,0.02643,25.136079,0.08419,1.6795538,1.8318972,,,,,1,,,,1.3721337E-5,5.7080622,117.62489,1.0435942,0
19983549.45,,5905,,10.7643,0.056,9.3E-6,10.846584,0.1108497,11.582135,0.03649,13.820036,0.02643,25.402171,0.03649,1.0087251,1.9371168,0.0078774822,98.376124,,,1,,,,1.3158576E-5,5.4956917,117.64837,1.0678141,0
19983737.77,,5905,,11.5841,0.056,9.4E-6,11.656949,0.1163144,15.132515,0.03399,16.536755,0.02445,31.66927,0.03399,1.8210952,2.2535856,0.01111278,98.044523,,,1,,,,1.4117149E-5,5.8113504,135.88446,1.298154,0
19983767.41,,5905,,11.5832,0.056,9.4E-6,11.661394,0.12330123,15.299344,0.03287,16.55311,0.02442,31.852454,0.03287,1.0765801,2.2255137,0.0082251571,98.531027,,,1,,,,1.4361817E-5,6.7607567,135.98811,1.3119653,0
19983798.08,,5905,,11.584,0.056,9.4E-6,11.661508,0.12327161,15.168466,0.03479,16.554216,0.02442,31.722683,0.03479,1.0029773,2.244565,0.010527447,98.139207,,,1,,,,1.4194668E-5,6.6765411,135.99078,1.3007294,0
19983992.88,,5905,,12.4624,0.056,9.2E-6,12.541568,0.12437461,19.538279,0.04584,19.815091,0.02803,39.35337,0.04584,0.65211255,2.5487813,0.013075878,97.968775,,,1,,,,1.5519391E-5,6.7336951,157.29092,1.5578817,0
19984024.59,,5905,,12.4634,0.056,9.3E-6,12.546863,0.1330405,19.761242,0.04175,19.831486,0.02811,39.592728,0.04175,1.348948,2.5863793,0.014115133,97.840458,,,1,,,,1.5392803E-5,7.6463439,157.42376,1.5749947,0
19984061.92,,5905,,12.462,0.056,9.4E-6,12.548278,0.13407302,19.400018,0.04291,19.835838,0.02813,39.235856,0.04291,1.8636117,2.5360716,0.010986529,98.282064,,,1,,,,1.5537518E-5,7.759138,157.45929,1.5460303,0
19984263.25,,5905,,13.4077,0.056,9.3E-6,13.5086,0.13423456,24.800313,0.06786,23.804327,0.05233,48.60464,0.06786,1.2326082,2.8869463,0.01308422,98.20187,,,1,,,,1.6916631E-5,7.6082148,182.48228,1.8358907,0
19984302.48,,5905,,13.4066,0.056,9.4E-6,13.514084,0.14350698,24.725543,0.06437,23.822344,0.05243,48.547887,0.06437,1.3361066,2.8784397,0.01058434,98.538929,,,1,,,,1.6931151E-5,8.6608389,182.63046,1.829613,0
19984341.59,,5905,,13.4068,0.056,9.3E-6,13.513959,0.14305217,24.737386,0.06445,23.821722,0.05243,48.559109,0.06445,1.4312549,2.872134,0.011558851,98.40193,,,1,,,,1.6978524E-5,8.6353191,182.6271,1.8305062,0
19984551.63,,5905,,14.4248,0.056,9.3E-6,14.525236,0.14607277,30.818491,0.08496,28.378709,0.0661,59.1972,0.08496,1.1926971,3.2840224,0.01651075,98.003782,,,1,,,,1.812584E-5,8.616402,210.98248,2.1217205,0
19984593.75,,5905,,14.4262,0.056,9.2E-6,14.530886,0.15526469,30.915263,0.07851,28.398913,0.06612,59.314175,0.07851,1.0903644,3.2514125,0.013469815,98.352304,,,1,,,,1.8325959E-5,9.8520671,211.14664,2.1275553,0
19984635.7,,5905,,14.4253,0.056,9.4E-6,14.530575,0.15482006,30.7681,0.08198,28.397045,0.06612,59.165145,0.08198,1.4250226,3.2407624,0.013277098,98.370787,,,1,,,,1.8338661E-5,9.7542376,211.13761,2.117473,0
19984853.06,,5905,,15.521,0.056,9.3E-6,15.633069,0.15667656,38.342048,0.09623,33.917934,0.07371,72.259982,0.09623,1.0483201,3.6435012,0.016819108,98.161323,,,1,,,,1.9937647E-5,9.7222871,244.39284,2.4526245,0
19984897.91,,5905,,15.5204,0.056,9.2E-6,15.638706,0.16633479,38.158094,0.09097,33.941913,0.07376,72.100007,0.09097,1.3963709,3.6243719,0.015357617,98.311777,,,1,,,,1.9989195E-5,10.930504,244.56912,2.4399778,0
19984942.92,,5905,,15.5213,0.056,9.3E-6,15.638567,0.16586894,38.327429,0.0954,33.941958,0.07376,72.269388,0.0954,2.0459397,3.6486635,0.017355052,98.106017,,,1,,,,1.9915152E-5,10.873116,244.56479,2.4508274,0
19985163.5,,5905,,16.698,0.056,9.2E-6,16.827227,0.1698799,46.817571,0.1183,40.631879,0.08857,87.44945,0.1183,1.3453208,4.0883666,0.019473521,98.100521,,,1,,,,2.1509103E-5,10.945991,283.15557,2.7822511,0
19985211.31,,5905,,16.6971,0.056,9.4E-6,16.832545,0.18043172,46.692606,0.1157,40.648133,0.0886,87.340739,0.1157,1.3833481,4.0750744,0.017431536,98.293183,,,1,,,,2.1539745E-5,12.2651,283.33458,2.773948,0
19985259.55,,5905,,16.6972,0.056,9.2E-6,16.8331,0.17983216,46.752279,0.1135,40.651608,0.0886,87.403888,0.1135,1.1536395,4.0764184,0.019457146,98.096873,,,1,,,,2.1560935E-5,12.225223,283.35324,2.7774017,0
19985486.61,,5905,,17.9672,0.056,9.4E-6,18.106756,0.18428826,56.939771,0.1093,48.463167,0.09303,105.40294,0.1093,0.76008577,4.5778925,0.023127057,97.982971,,,1,,,,2.316336E-5,12.229255,327.85462,3.1446699,0
19985535.88,,5905,,17.9648,0.056,9.3E-6,18.113736,0.19414096,56.686661,0.108,48.499988,0.09303,105.18665,0.108,2.502275,4.5148478,0.01987059,98.24173,,,1,,,,2.3419579E-5,13.733677,328.10745,3.1294847,0
19985584.67,,5905,,17.9662,0.056,9.4E-6,18.113332,0.19351651,56.898988,0.1134,48.498685,0.09303,105.39767,0.1134,3.0742847,4.5568599,0.021968296,98.074717,,,1,,,,2.3262424E-5,13.544543,328.0928,3.1412767,0
19985820.45,,5905,,19.33,0.056,9.4E-6,19.47163,0.19927486,67.683636,0.119,57.46096,0.09792,125.1446,0.119,0.57291025,5.0369675,0.025020688,98.015971,,,1,,,,2.4993073E-5,13.67058,379.14436,3.4760129,0
19985872.94,,5905,,19.3313,0.056,9.4E-6,19.478074,0.20951397,67.448384,0.1217,57.497965,0.09797,124.94635,0.1217,1.6263956,5.0018343,0.022099073,98.234413,,,1,,,,2.5111522E-5,15.110902,379.39539,3.462785,0
19985932.63,,5905,,19.3312,0.056,9.3E-6,19.477748,0.20827241,67.676835,0.1162,57.495158,0.09797,125.17199,0.1162,2.8441712,4.9940553,0.022976578,98.161428,,,1,,,,2.5202069E-5,15.005503,379.38266,3.4745719,0
19986173.97,,5905,,20.7979,0.056,9.2E-6,20.942618,0.21337181,79.85915,0.1443,67.839615,0.1222,147.69876,0.1443,1.8161244,5.4887533,0.025966678,98.109823,,,1,,,,2.7061633E-5,14.982166,438.59326,3.8132362,0
19986237.77,,5905,,20.7981,0.056,9.3E-6,20.949951,0.22607387,79.928027,0.1458,67.881037,0.1223,147.80906,0.1458,2.6938097,5.5802666,0.027219243,98.051558,,,1,,,,2.6642486E-5,16.46626,438.90046,3.8151892,0
19986300.94,,5905,,20.7982,0.056,9.2E-6,20.952545,0.22679652,79.786197,0.1394,67.899092,0.1224,147.68529,0.1394,1.5866817,5.5381555,0.027309989,98.030734,,,1,,,,2.6824001E-5,16.7408,439.00915,3.8079477,0
19986561.34,,5905,,22.3775,0.056,9.2E-6,22.534945,0.23314356,93.431062,0.1883,79.825245,0.1676,173.25631,0.1883,2.1924215,6.0938862,0.032506753,97.871918,,,1,,,,2.8611914E-5,16.614466,507.82373,4.1460524,0
19986628.47,,5905,,22.3766,0.056,9.4E-6,22.542793,0.24434975,93.618901,0.1851,79.879951,0.1678,173.49885,0.1851,2.2127938,6.0783902,0.029024424,98.093085,,,1,,,,2.8705893E-5,18.281659,508.1775,4.1529416,0
19986695,,5905,,22.3783,0.056,9.3E-6,22.543513,0.24387888,93.523358,0.1874,79.885764,0.1678,173.40912,0.1874,2.1635138,6.0751201,0.031361079,97.939959,,,1,,,,2.8719693E-5,18.235171,508.20999,4.1485707,0
19986963.97,,5905,,24.0755,0.056,9.2E-6,24.241786,0.25180033,108.33461,0.2356,93.621493,0.2098,201.95611,0.2356,1.0303586,6.6708753,0.036871554,97.797833,,,1,,,,3.0471564E-5,18.22536,587.66419,4.4689204,0
19987037.05,,5905,,24.0751,0.056,9.4E-6,24.249933,0.26417515,108.5486,0.2283,93.671683,0.2099,202.22028,0.2283,2.1710056,6.6538911,0.033576017,97.987701,,,1,,,,3.0572032E-5,20.012626,588.05923,4.4762432,0
19987108.13,,5905,,24.0748,0.056,9.3E-6,24.250898,0.26410873,108.38849,0.2273,93.679453,0.2099,202.06795,0.2273,0.92920765,6.6475806,0.033274878,98.003982,,,1,,,,3.0576244E-5,19.961673,588.10608,4.4694631,0
19987381.34,,5905,,25.9026,0.056,9.3E-6,26.085522,0.27284912,124.69571,0.2666,109.57722,0.239,234.27293,0.2666,1.0004308,7.2938412,0.0431089,97.649868,,,1,,,,3.2339592E-5,19.942742,680.45445,4.780265,0
19987459.2,,5905,,25.903,0.056,9.3E-6,26.094815,0.28548923,124.78063,0.2607,109.64007,0.2391,234.4207,0.2607,1.6073207,7.2430525,0.037659587,97.930055,,,1,,,,3.2559752E-5,21.881524,680.93938,4.7818169,0
19987535.5,,5905,,25.9013,0.056,9.4E-6,26.096108,0.28458072,125.02249,0.258,109.65122,0.2391,234.67371,0.258,2.0932701,7.2450878,0.037959552,97.914004,,,1,,,,3.2587628E-5,21.729157,681.00683,4.7908483,0
19987821.72,,5905,,27.8701,0.056,9.2E-6,28.061419,0.29416235,142.68131,0.3087,127.75172,0.2752,270.43304,0.3087,0.78956988,7.9423849,0.05173659,97.415987,,,1,,,,3.4302423E-5,21.735263,787.44321,5.084608,0
19987903.38,,5905,,27.8703,0.056,9.4E-6,28.072353,0.30777696,142.45925,0.2983,127.83496,0.2754,270.2942,0.2983,1.3408435,7.8832299,0.046114366,97.677204,,,1,,,,3.4515077E-5,23.827155,788.057,5.0747169,0
19987984.55,,5905,,27.8699,0.056,9.2E-6,28.073186,0.30665225,142.41378,0.2981,127.84117,0.2754,270.25495,0.2981,0.81676702,7.8656557,0.044546623,97.75049,,,1,,,,3.4579682E-5,23.64969,788.10379,5.0729467,0
19988276.03,,5905,,29.9858,0.056,9.2E-6,30.189874,0.31683113,161.64315,0.3956,148.61946,0.3291,310.26261,0.3956,0.28589222,8.6161663,0.056442326,97.405824,,,1,,,,3.6271393E-5,23.596967,911.42846,5.3542174,0
19988361.67,,5905,,29.9871,0.056,9.3E-6,30.203114,0.33167002,161.53174,0.3562,148.7337,0.3294,310.26544,0.3562,0.82122213,8.5761181,0.051239517,97.631729,,,1,,,,3.6417146E-5,25.848499,912.2281,5.3481818,0
19988448.13,,5905,,29.9872,0.056,9.4E-6,30.204243,0.33090545,161.35927,0.3573,148.74505,0.3295,310.10431,0.3573,1.3095148,8.5707607,0.05369002,97.518344,,,1,,,,3.6432534E-5,25.728354,912.29627,5.3422716,0
19988753.28,,5905,,32.2635,0.056,9.4E-6,32.47789,0.3405144,182.65329,0.4983,172.5463,0.3994,355.1996,0.4983,0.33939978,9.3224088,0.06248842,97.349727,,,1,,,,3.8377852E-5,25.712282,1054.8133,5.6239274,0
19988844.41,,5905,,32.2629,0.056,9.2E-6,32.493806,0.35493851,181.9557,0.428,172.69423,0.3998,354.64994,0.428,2.6778868,9.2337088,0.054726485,97.653745,,,1,,,,3.8652544E-5,27.967226,1055.8474,5.5997041,0
19988934.72,,5905,,32.2644,0.056,9.3E-6,32.495603,0.35359607,181.13821,0.4309,172.72737,0.3999,353.86558,0.4309,1.0506088,9.2252636,0.0576404,97.528448,,,1,,,,3.8614636E-5,27.701126,1055.9642,5.5742374,0
19989254.48,,5905,,34.7122,0.056,9.4E-6,34.940771,0.36518688,203.79065,0.6109,199.97554,0.4745,403.76619,0.6109,0.30695557,10.170227,0.081840498,96.83029,,,1,,,,4.0034579E-5,27.675791,1220.8575,5.83246,0
19989351.73,,5905,,34.7131,0.056,9.2E-6,34.960893,0.38214658,203.38873,0.5188,200.16301,0.475,403.55174,0.5188,2.1863472,10.003758,0.068938742,97.279799,,,1,,,,4.0628546E-5,30.510682,1222.264,5.8176069,0
19989448.84,,5905,,34.7123,0.056,9.2E-6,34.963915,0.37925522,202.0417,0.5046,200.18945,0.475,402.23115,0.5046,1.0319794,9.9047884,0.061739153,97.536771,,,1,,,,4.087016E-5,30.011274,1222.4753,5.7785776,0
19989802.28,,5905,,37.3459,0.056,9.3E-6,37.592126,0.39086921,225.32132,0.6636,231.3794,0.5397,456.70073,0.6636,0.43994323,10.956002,0.094793177,96.598197,,,1,,,,4.2045451E-5,29.714365,1413.168,5.9938435,0
19989904.22,,5905,,37.3491,0.056,9.3E-6,37.613281,0.40855234,226.63631,0.5881,231.59269,0.5401,458.22899,0.5881,2.6205246,10.797542,0.080184655,97.073106,,,1,,,,4.2753639E-5,32.868005,1414.7589,6.0254331,0
19990004.78,,5905,,37.3473,0.056,9.2E-6,37.616535,0.40623082,224.2741,0.5793,231.62241,0.5401,455.89651,0.5793,0.35280965,10.676103,0.070052942,97.409421,,,1,,,,4.2979187E-5,32.392626,1415.0037,5.9621148,0
19990384.3,,5905,,40.1815,0.056,9.2E-6,40.43635,0.41823033,251.46828,0.7592,267.31852,0.5955,518.7868,0.7592,0.43817885,11.834843,0.10362904,96.557449,,,1,,,,4.4206022E-5,32.028308,1635.0984,6.2188669,0
19990493.53,,5905,,40.1846,0.056,9.2E-6,40.460716,0.43906755,248.28894,0.6301,267.58516,0.5959,515.8741,0.6301,1.180294,11.547488,0.082888786,97.168043,,,1,,,,4.4977947E-5,35.504529,1637.0695,6.1365434,0
19990599.39,,5905,,40.1836,0.056,9.3E-6,40.46391,0.43513039,246.67107,0.6474,267.63664,0.596,514.30772,0.6474,0.20369209,11.498655,0.077897313,97.324574,,,1,,,,4.501242E-5,34.642464,1637.328,6.0960761,0
19991021.83,,5905,,43.2352,0.056,9.3E-6,43.508424,0.44762875,274.82298,0.8341,309.03956,0.6589,583.86254,0.8341,0.27863663,12.630618,0.11415756,96.443365,,,1,,,,4.6607133E-5,34.495965,1892.9829,6.3165464,0
19991135.98,,5905,,43.2312,0.056,9.3E-6,43.532778,0.46926656,273.39672,0.7091,309.3354,0.6594,582.73212,0.7091,1.1952484,12.46842,0.096772807,96.936536,,,1,,,,4.7064317E-5,37.891854,1895.1027,6.2802499,0
19991249.25,,5905,,43.2332,0.056,9.3E-6,43.537504,0.46527954,272.65115,0.7063,309.39176,0.6595,582.04291,0.7063,0.62903029,12.36247,0.092295955,97.050917,,,1,,,,4.7397756E-5,37.40526,1895.5142,6.2624434,0
19991689.11,,5905,,46.5164,0.056,9.3E-6,46.798686,0.48034032,301.53786,1.002,357.62805,0.7446,659.16591,1.002,0.35806989,13.706079,0.1381285,96.032134,,,1,,,,4.8513062E-5,37.08741,2190.117,6.4432975,0
19991810.69,,5905,,46.5154,0.056,9.4E-6,46.829902,0.50475059,299.088,0.7996,358.03293,0.7452,657.12093,0.7996,1.4033685,13.426409,0.11680608,96.561893,,,1,,,,4.930661E-5,41.118236,2193.0397,6.3866886,0
19991934.34,,5905,,46.5158,0.056,9.2E-6,46.834474,0.4996515,298.1591,0.8004,358.10992,0.7454,656.26902,0.8004,0.92917907,13.32923,0.10672856,96.829837,,,1,,,,4.9570756E-5,40.279227,2193.468,6.3662315,0
19992407.61,,5905,,50.0476,0.056,9.2E-6,50.349469,0.51471813,328.54375,1.069,415.41514,0.8022,743.95889,1.069,0.34672437,14.755641,0.15708997,95.792416,,,1,,,,5.0855195E-5,39.987689,2535.0691,6.5252674,0
19992536.13,,5905,,50.046,0.056,9.4E-6,50.387221,0.54020044,327.11337,0.8481,415.9703,0.8024,743.08366,0.8481,3.1046756,14.428004,0.11847383,96.73396,,,1,,,,5.1842655E-5,44.266923,2538.8721,6.4919906,0
19992660.47,,5905,,50.0471,0.056,9.4E-6,50.392605,0.53481775,324.42184,0.845,416.06817,0.8024,740.49001,0.845,0.25726245,14.301681,0.11101302,96.906492,,,1,,,,5.2096187E-5,43.284012,2539.4146,6.4378859,0
19993170.38,,5905,,53.8481,0.056,9.2E-6,54.161356,0.54888307,356.91417,1.107,483.78556,0.8055,840.69973,1.107,0.46698168,15.873067,0.1777809,95.544986,,,1,,,,5.3414109E-5,42.905043,2933.4525,6.5898308,0
19993307.23,,5905,,53.8469,0.056,9.3E-6,54.202338,0.57745855,354.74043,0.8563,484.45465,0.8056,839.19508,0.8563,3.1399907,15.53443,0.13586244,96.496167,,,1,,,,5.4375241E-5,47.6192,2937.8935,6.544744,0
19993441.14,,5905,,53.8471,0.056,9.4E-6,54.209765,0.5714589,353.262,0.8436,484.59889,0.8056,837.86089,0.8436,0.58148943,15.430452,0.12465622,96.755996,,,1,,,,5.462546E-5,46.603289,2938.6986,6.516575,0
19994007.91,,5905,,57.9333,0.056,9.3E-6,58.273363,0.58720684,384.92075,1.215,563.54001,0.8612,948.46076,1.215,0.26924838,17.046895,0.19225476,95.464105,,,1,,,,5.6078749E-5,46.291356,3395.7848,6.6054322,0
19994152.58,,5905,,57.9335,0.056,9.2E-6,58.312564,0.61671677,383.57482,0.9151,564.20758,0.8619,947.78241,0.9151,2.99674,16.72591,0.15301045,96.296812,,,1,,,,5.7025751E-5,51.140684,3400.3551,6.5779104,0
19994295.48,,5905,,57.9328,0.056,9.3E-6,58.321105,0.61086504,381.60922,0.9124,564.38271,0.862,945.99192,0.9124,0.26712907,16.592308,0.13756641,96.63283,,,1,,,,5.7339885E-5,50.177731,3401.3513,6.5432439,0
19994911.67,,5905,,62.334,0.056,9.3E-6,62.68237,0.62694091,415.70573,1.332,657.5561,0.9226,1073.2618,1.332,0.28890409,18.456622,0.22756893,94.985265,,,1,,,,5.861688E-5,49.776925,3929.0795,6.6319402,0
19995066.28,,5905,,62.334,0.056,9.4E-6,62.727529,0.66124762,413.99608,0.9878,658.39755,0.9228,1072.3936,0.9878,2.5867973,18.057134,0.16245871,96.302096,,,1,,,,5.9731887E-5,55.369865,3934.7428,6.5999106,0
19995217.88,,5905,,62.3345,0.056,9.3E-6,62.735983,0.65473971,411.67307,0.9904,658.58832,0.9229,1070.2614,0.9904,0.3526296,17.924473,0.14452245,96.672985,,,1,,,,6.0016021E-5,54.171402,3935.8035,6.5619929,0
19995889.75,,5905,,67.0675,0.056,9.4E-6,67.444424,0.66940841,447.72356,1.354,770.39417,0.9368,1218.1177,1.354,0.39903208,19.88854,0.24590809,94.878653,,,1,,,,6.1699474E-5,53.773418,4548.7503,6.6384074,0
19996055.63,,5905,,67.0626,0.056,9.4E-6,67.486845,0.70638524,445.29509,1.013,771.26494,0.9369,1216.56,1.013,2.0269815,19.506628,0.17794745,96.1783,,,1,,,,6.2701585E-5,59.665621,4554.4743,6.5982501,0
19996218,,5905,,67.0718,0.056,9.4E-6,67.497392,0.69958074,442.83556,1.014,771.53475,0.9369,1214.3703,1.014,0.39912559,19.38646,0.17406229,96.231401,,,1,,,,6.2969309E-5,58.519884,4555.898,6.5607802,0
19996919.61,,5905,,72.165,0.056,9.3E-6,72.550391,0.70354355,489.02778,3.408,903.14909,0.9804,1392.1769,3.263,0.6037607,21.140068,,,,,1,,,,6.585489E-5,58.15938,5263.5592,6.7405257,0
19997093.63,,5905,,72.1578,0.056,9.3E-6,72.602182,0.75018454,478.68602,1.07,904.35195,0.9809,1383.038,1.07,3.488305,21.131473,0.20449066,95.858274,,,1,,,,6.5791282E-5,63.420205,5271.0768,6.5932732,0
19997266.27,,5905,,72.1538,0.056,9.4E-6,72.614512,0.74961625,475.04227,1.075,904.65896,0.9811,1379.7012,1.075,0.34009838,20.944931,0.18622054,96.176242,,,1,,,,6.6186071E-5,63.39442,5272.8674,6.5419743,0
19998030.22,,5905,,77.6363,0.056,9.2E-6,78.049789,0.75468108,522.85005,3.501,1057.2918,1.033,1580.1418,3.345,0.54817849,22.865165,,,,,1,,,,6.910695E-5,62.834792,6091.7695,6.6989298,0
19998215.66,,5905,,77.6352,0.056,9.3E-6,78.102016,0.80433935,513.7873,1.131,1058.5975,1.034,1572.3848,1.131,1.3410394,22.874579,0.22687145,95.645396,,,1,,,,6.9076914E-5,68.595496,6099.9248,6.5784128,0
19998401.58,,5905,,77.6375,0.056,9.2E-6,78.117945,0.80438082,509.98379,1.17,1059.0178,1.034,1569.0016,1.17,0.19682013,22.656545,0.18344575,96.413477,,,1,,,,6.9525979E-5,68.623736,6102.4133,6.5283821,0
19999205.83,,5905,,83.5319,0.056,9.3E-6,83.965821,0.82235327,554.22309,1.94,1237.4288,1.102,1791.6519,1.94,0.24644665,25.26154,0.3667568,93.557023,,,1,,,,7.1398403E-5,67.969635,7050.259,6.6005797,0
19999408.14,,5905,,83.5299,0.056,9.3E-6,84.025359,0.87166049,550.81143,1.204,1239.0588,1.102,1789.8702,1.204,2.5257052,24.7199,0.24105297,95.585965,,,1,,,,7.2725828E-5,75.784619,7060.261,6.5552999,0
19999608.31,,5905,,83.5279,0.056,9.4E-6,84.03839,0.8632133,546.45263,1.233,1239.4434,1.103,1785.8961,1.233,0.27695531,24.478232,0.18948098,96.459483,,,1,,,,7.3211224E-5,74.159701,7062.4511,6.5024167,0
20000458.45,,5905,,89.8714,0.056,9.2E-6,90.302096,0.86724341,603.52676,4.495,1451.0053,1.237,2054.5321,4.321,0.43710247,26.817805,,,,,1,,,,7.6610746E-5,73.434696,8154.4686,6.6834192,0
20000673.08,,5905,,89.8723,0.056,9.3E-6,90.366317,0.92662635,591.07233,1.37,1452.9053,1.238,2043.9776,1.37,1.9538065,26.687717,0.26025206,95.435752,,,1,,,,7.6898034E-5,80.453415,8166.0712,6.5408479,0
20000885.23,,5905,,89.8721,0.056,9.3E-6,90.379868,0.92490403,586.52612,1.426,1453.3631,1.239,2039.8892,1.426,0.24635162,26.480558,0.20504342,96.335577,,,1,,,,7.7277612E-5,80.063151,8168.5206,6.489566,0
20001783.83,,5905,,96.6954,0.056,9.4E-6,97.125963,0.93293644,647.13216,5.385,1698.141,1.262,2345.2732,5.235,0.52425282,29.056966,,,,,1,,,,8.0712939E-5,79.441675,9433.4527,6.6628133,0
20002013.95,,5905,,96.6947,0.056,9.3E-6,97.194344,0.99703517,631.83097,1.401,1700.2887,1.262,2332.1197,1.401,1.5786566,28.826516,0.27837271,95.306469,,,1,,,,8.1197193E-5,87.170899,9446.7406,6.5006969,0
20002241.64,,5905,,96.6949,0.056,9.3E-6,97.206994,0.9925945,628.98798,1.572,1700.7541,1.262,2329.7421,1.572,0.13944783,28.63963,0.25285725,95.685204,,,1,,,,8.1616562E-5,86.479548,9449.1997,6.4706041,0
20003184.59,,5905,,104.036,0.056,9.2E-6,104.48382,1.0039944,685.6301,5.119,1978.0648,1.211,2663.6949,4.974,0.33392854,31.182151,,,,,1,,,,8.5423708E-5,85.91889,10916.868,6.5620697,0
20003428,,5905,,104.038,0.056,9.3E-6,104.55469,1.0700067,668.47567,1.313,1980.357,1.211,2648.8327,1.313,0.91814959,30.836237,0.26413772,95.632827,,,1,,,,8.6151995E-5,93.546452,10931.683,6.3935504,0
20003668.8,,5905,,104.039,0.056,9.4E-6,104.56697,1.0642966,666.17895,1.531,1980.8288,1.211,2647.0078,1.531,0.097433068,30.680098,0.23840051,96.017373,,,1,,,,8.650613E-5,92.50871,10934.252,6.3708352,0
20004663.13,,5905,,111.935,0.056,9.2E-6,112.40846,1.0768391,730.92186,6.01,2293.3114,1.335,3024.2332,5.86,0.37046044,33.434053,,,,,1,,,,9.0453683E-5,92.040294,12635.662,6.5023741,0
20004922.92,,5905,,111.938,0.056,9.4E-6,112.47699,1.130774,720.86339,3.053,2295.8572,1.336,3016.7206,2.745,1.5431895,32.968901,,,,,1,,,,9.1502007E-5,100.30216,12651.073,6.4089855,0
20005178.56,,5905,,111.936,0.056,9.2E-6,112.49012,1.1230219,711.82678,2.674,2296.4266,1.336,3008.2533,2.316,0.21914222,32.733514,,,,,1,,,,9.1901326E-5,98.906703,12654.028,6.3279048,0
20006223.66,,5905,,120.433,0.056,9.3E-6,120.93118,1.153106,778.34456,6.48,2649.6732,1.476,3428.0178,6.31,0.34761136,35.709999,,,,,1,,,,9.599602E-5,98.200542,14624.351,6.4362603,0
20006500.33,,5905,,120.435,0.056,9.3E-6,121.00309,1.2095696,765.76097,2.979,2652.4672,1.477,3418.2282,2.587,0.38360815,35.037878,,,,,1,,,,9.7558081E-5,107.13,14641.747,6.3284417,0
20006770.86,,5905,,120.434,0.056,9.3E-6,121.01513,1.1990335,761.15269,2.733,2653.0239,1.477,3414.1766,2.3,0.1813639,34.912709,,,,,1,,,,9.7791797E-5,105.11364,14644.661,6.2897317,0
20007865.08,,5905,,129.58,0.056,9.4E-6,130.10829,1.2368761,821.39214,7.036,3046.5544,1.594,3867.9465,6.853,0.34739133,37.830838,,,,,1,,,,0.00010224322,104.73813,16928.166,6.3131424,0
20008155.39,,5905,,129.585,0.056,9.2E-6,130.18683,1.3151445,811.96823,1.96,3049.4528,1.595,3861.4211,1.96,0.59600992,37.660584,0.42542829,93.59416,,,1,,,,0.00010284601,113.49251,16948.612,6.2369459,0
20008484.48,,5905,,129.58,0.056,9.3E-6,130.20675,1.3159992,802.71604,1.691,3050.2063,1.595,3852.9223,1.691,1.9557373,37.417012,0.303911,95.287198,,,1,,,,0.00010319535,112.98175,16953.799,6.164934,0
20009602.61,,5905,,139.414,0.056,9.3E-6,139.98572,1.350981,864.93033,3.866,3478.7078,1.771,4343.6381,3.866,0.29351839,40.673021,0.86141386,88.163724,,,1,,,,0.00010737495,112.25104,19596.001,6.1787042,0
20009911.97,,5905,,139.413,0.056,9.3E-6,140.07666,1.4227545,850.61106,1.992,3482.0441,1.773,4332.6552,1.992,0.75297161,39.500616,0.38930972,94.09371,,,1,,,,0.00010995379,122.01906,19621.47,6.0724683,0
20010213.22,,5905,,139.416,0.056,9.3E-6,140.09128,1.4049878,842.05075,2.118,3482.6649,1.773,4324.7157,2.118,0.15730809,39.154376,0.28167574,95.598399,,,1,,,,0.00011064713,118.50185,19625.567,6.0107292,0
20011313.34,,5905,,150,0.056,9.3E-6,150.59966,1.414801,919.57867,3.755,3948.6092,1.907,4868.1879,3.755,0.35488538,42.317033,0.79619255,88.975013,,,1,,,,0.00011555929,117.46313,22680.258,6.1061139,0
20011633.81,,5905,,150,0.056,9.3E-6,150.7079,1.5223785,907.88913,2.311,3952.8526,1.908,4860.7417,2.311,0.38467696,41.380459,0.34697119,94.74918,,,1,,,,0.00011769369,126.9511,22712.872,6.0241641,0
20011949,,5905,,150,0.056,9.2E-6,150.72143,1.5074144,898.32606,2.64,3953.4631,1.908,4851.7891,2.64,0.096519269,41.088704,0.26865619,95.834287,,,1,,,,0.00011825797,124.14138,22716.948,5.9601748,0
20012556.03,,5905,,149.999,0.056,9.4E-6,150.74846,1.5159586,892.47897,2.658,3954.6467,1.909,4847.1256,2.658,0.098242275,41.009165,0.24101123,96.225407,,,1,,,,0.00011835427,123.64099,22725.1,5.9203188,0
20012867.16,,5905,,150.003,0.056,9.4E-6,150.7522,1.5023185,895.94187,2.599,3954.8538,1.909,4850.7957,2.599,0.074275566,41.073411,0.25710551,95.998057,,,1,,,,0.00011826964,123.02749,22726.226,5.9431429,0
20013224.02,,5905,,150,0.056,9.4E-6,150.76079,1.5054922,894.71639,2.082,3955.1754,1.909,4849.8918,2.082,0.44051293,41.081732,0.24306945,96.206241,,,1,,,,0.00011821409,123.22023,22728.814,5.9346758,0
20013987.3,,5905,,152.565,0.056,9.3E-6,153.26677,1.5096516,927.05004,4.402,4066.6506,1.942,4993.7007,4.402,0.27535171,42.888311,0.88505926,87.886648,,,1,,,,0.00011699979,123.2452,23490.702,6.0486044,0
20014311.75,,5905,,152.564,0.056,9.3E-6,153.34408,1.5496378,902.74444,2.25,4069.3716,1.943,4972.116,2.25,0.34050358,41.492821,0.31093785,95.183715,,,1,,,,0.00012003214,128.66493,23514.407,5.8870511,0
20014628.67,,5905,,152.566,0.056,9.2E-6,153.33793,1.5011635,902.39764,3.268,4069.6758,1.943,4972.0734,2.627,0.079492975,41.171793,,,,,1,,,,0.00012076407,124.47846,23512.521,5.8850256,0
20015431.45,,5905,,155.129,0.056,9.2E-6,155.86443,1.5275232,927.40783,4.014,4181.0088,1.985,5108.4166,4.014,0.28975221,43.0168,0.80704285,88.703873,,,1,,,,0.00011926199,123.51538,24293.721,5.9500928,0
20015757.55,,5905,,155.129,0.056,9.2E-6,155.9365,1.5721524,916.29275,2.371,4183.583,1.986,5099.8757,2.371,0.14862823,41.952991,0.32868362,94.936055,,,1,,,,0.00012177264,129.0504,24316.193,5.8760632,0
20016121.39,,5905,,155.128,0.056,9.3E-6,155.94128,1.55627,913.57754,2.097,4183.8875,1.987,5097.465,2.097,1.2749271,41.923183,0.30355878,95.29429,,,1,,,,0.00012178487,125.85897,24317.682,5.8584716,0
20016892.63,,5905,,157.693,0.056,9.2E-6,158.44867,1.5593411,944.41078,4.63,4294.0173,2.041,5238.4281,4.63,0.24392361,43.53437,0.89177977,87.72679,,,1,,,,0.00012088722,125.76955,25105.982,5.9603578,0
20017222.52,,5905,,157.693,0.056,9.2E-6,158.52468,1.5993708,927.60814,2.474,4296.6692,2.043,5224.2773,2.474,0.15933066,42.293241,0.33780059,94.797,,,1,,,,0.00012374058,130.60311,25130.073,5.8515063,0
20017544.02,,5905,,157.693,0.056,9.2E-6,158.5294,1.5799231,918.42719,2.924,4296.935,2.043,5215.3622,2.924,0.04911121,42.067806,0.2571946,95.946315,,,1,,,,0.00012413857,126.87972,25131.572,5.7934186,0
20018362.19,,5905,,160.255,0.056,9.3E-6,161.04819,1.5825335,946.6301,4.201,4406.5166,2.113,5353.1467,4.201,0.18690424,43.477972,0.63354873,90.847516,,,1,,,,0.00012351684,126.20342,25936.519,5.8779308,0
20018691.53,,5905,,160.255,0.056,9.2E-6,161.0951,1.5905159,943.77112,3.746,4408.538,2.115,5352.3092,3.091,0.093589866,42.351143,,,,,1,,,,0.00012637933,130.43392,25951.632,5.8584719,0
20019012.19,,5905,,160.255,0.056,9.3E-6,161.11397,1.6018373,924.31721,3.039,4408.9255,2.115,5333.2427,3.039,0.067425982,42.386029,0.25570657,95.949594,,,1,,,,0.000125986,127.05343,25957.711,5.7370396,0
20019787.34,,5905,,162.822,0.056,9.4E-6,163.62161,1.6050316,965.06551,4.706,4517.127,2.199,5482.1925,4.706,0.20869523,43.963819,0.77064562,89.143971,,,1,,,,0.00012517684,127.15809,26772.031,5.8981544,0
20020120.36,,5905,,162.82,0.056,9.4E-6,163.69545,1.6518851,935.92149,2.924,4519.6457,2.202,5455.5672,2.924,0.066301135,42.829422,0.26462417,95.82347,,,1,,,,0.00012754337,131.89146,26796.201,5.7174556,0
20020490.63,,5905,,162.82,0.056,9.3E-6,163.70142,1.631878,933.40746,2.258,4520.012,2.202,5453.4194,2.258,3.773962,42.775968,0.27429612,95.664325,,,1,,,,0.00012765829,128.48827,26798.154,5.7018899,0
20021270.03,,5905,,165.384,0.056,9.2E-6,166.2057,1.6345666,967.07482,4.769,4627.2909,2.296,5594.3657,4.769,0.18567105,44.273438,0.78372669,88.908967,,,1,,,,0.00012683897,128.3279,27624.336,5.8185417,0
20021605.25,,5905,,165.386,0.056,9.4E-6,166.27943,1.6733868,951.59424,2.749,4629.8031,2.298,5581.3973,2.749,0.14965681,43.146632,0.32239628,94.966916,,,1,,,,0.00012955961,132.82031,27648.848,5.7228621,0
20021978.5,,5905,,165.385,0.056,9.2E-6,166.28322,1.6572151,944.64535,2.447,4630.1363,2.299,5574.7816,2.447,0.69736095,43.125039,0.32068126,94.966849,,,1,,,,0.00012946838,129.4399,27650.109,5.6809422,0
20022808.03,,5905,,167.947,0.056,9.3E-6,168.8021,1.6592102,972.11498,4.244,4737.1347,2.4,5709.2496,4.244,0.24053533,44.209819,0.67542724,90.184849,,,1,,,,0.00012955367,129.37512,28494.147,5.7589035,0
20023141,,5905,,167.949,0.056,9.3E-6,168.86066,1.6911307,962.36008,3.436,4739.1855,2.402,5701.5455,3.436,0.064943276,43.366677,0.33624073,94.747256,,,1,,,,0.00013168225,132.62946,28513.921,5.6991374,0
20023470.27,,5905,,167.948,0.056,9.3E-6,168.85355,1.6489022,960.74168,3.821,4739.388,2.402,5700.1297,2.971,0.069219856,43.021198,,,,,1,,,,0.00013249584,130.10003,28511.52,5.6897928,0
20024296.83,,5905,,170.515,0.056,9.4E-6,171.37782,1.6740611,987.53136,3.932,4845.7765,2.506,5833.3078,3.932,0.4031424,44.647489,0.85775104,87.895793,,,1,,,,0.00013117834,129.0636,29370.357,5.7623056,0
20024636.23,,5905,,170.513,0.056,9.2E-6,171.44607,1.7216199,977.34655,3.315,4848.0109,2.509,5825.3575,3.315,0.060131404,43.668243,0.29846181,95.321009,,,1,,,,0.00013358591,133.94247,29393.754,5.7006064,0
20025013.97,,5905,,170.514,0.056,9.4E-6,171.4404,1.6752559,966.55079,3.979,4848.3566,2.509,5814.9074,3.088,2.7091639,43.286042,,,,,1,,,,0.00013433678,131.00473,29391.811,5.6378239,0
20025800,,5905,,173.079,0.056,9.2E-6,173.95104,1.6998638,996.85585,4.635,4953.6562,2.612,5950.5121,4.635,0.2419852,44.731339,0.74882944,89.216535,,,1,,,,0.00013348676,129.85813,30258.965,5.730669,0
20026138.17,,5905,,173.075,0.056,9.2E-6,174.0213,1.7434971,979.42437,3.516,4956.12,2.614,5935.5444,3.516,0.10816966,43.88774,0.3482319,94.538421,,,1,,,,0.00013545824,134.19402,30283.413,5.6281867,0
20026516.98,,5905,,173.071,0.056,9.4E-6,174.02797,1.7309677,977.73628,2.75,4956.4959,2.614,5934.2322,2.75,0.66249302,43.954754,0.35836233,94.389706,,,1,,,,0.00013522738,131.66322,30285.734,5.6182709,0
20027315.92,,5905,,175.644,0.056,9.3E-6,176.53785,1.7368734,1002.8561,4.767,5061.8041,2.713,6064.6602,4.767,0.1881668,44.951049,0.6731112,90.158716,,,1,,,,0.00013532582,131.86426,31165.611,5.6806862,0
20027656.72,,5905,,175.64,0.056,9.3E-6,176.60056,1.7669228,1000.0855,3.408,5064.0133,2.715,6064.0988,3.408,0.077912997,44.160208,0.35619355,94.45045,,,1,,,,0.00013754167,134.85315,31187.759,5.6629801,0
20028038.7,,5905,,175.644,0.056,9.3E-6,176.61256,1.758192,978.873,2.812,5064.5558,2.716,6043.4288,2.812,1.1594514,43.92544,0.27950173,95.51151,,,1,,,,0.00013775451,132.48062,31191.995,5.5424881,0
20028831.78,,5905,,178.203,0.056,9.4E-6,179.11411,1.7519627,1025.4234,5.236,5169.5086,2.807,6194.932,5.236,0.23522594,45.284335,0.86928612,87.714349,,,1,,,,0.00013733607,131.77632,32081.866,5.7249724,0
20029176.92,,5905,,178.206,0.056,9.3E-6,179.16928,1.7645589,1014.3253,4.771,5171.7336,2.809,6186.059,3.856,0.17633301,44.113746,,,,,1,,,,0.00014022974,135.85301,32101.63,5.6612682,0
20029510.47,,5905,,178.205,0.056,9.3E-6,179.18769,1.7729438,998.03799,3.783,5172.061,2.809,6170.099,3.783,0.046661368,44.012851,0.27172608,95.63499,,,1,,,,0.00014035703,132.34124,32108.229,5.569791,0
20030263.16,,5905,,180.768,0.056,9.4E-6,181.67889,1.7743006,1042.1697,5.594,5276.5384,2.894,6318.708,5.594,0.28395672,45.826882,1.085443,85.205041,,,1,,,,0.0001385493,132.03855,33007.219,5.7363278,0
20030610.11,,5905,,180.769,0.056,9.4E-6,181.75729,1.7918318,1020.2938,4.411,5279.5278,2.896,6299.8216,3.326,0.44205075,44.114551,,,,,1,,,,0.00014280598,137.48065,33035.713,5.6134958,0
20030991.5,,5905,,180.768,0.056,9.3E-6,181.75056,1.766342,1013.3848,4.559,5279.4409,2.896,6292.8258,3.52,1.0664759,44.186656,,,,,1,,,,0.00014241462,132.34365,33033.265,5.5756905,0
20031789.88,,5905,,183.332,0.056,9.3E-6,184.27466,1.797212,1040.3528,4.87,5384.2766,2.976,6424.6295,4.87,0.30854886,45.517937,0.84752026,87.856801,,,1,,,,0.0001416663,132.55997,33957.15,5.6456641,0
20032135.5,,5905,,183.333,0.056,9.3E-6,184.32986,1.8087259,1037.6584,4.548,5386.5076,2.978,6424.166,3.437,0.096343374,44.434951,,,,,1,,,,0.00014457462,136.55381,33977.497,5.6293558,0
20032471.98,,5905,,183.334,0.056,9.4E-6,184.33541,1.7858139,1034.2349,4.462,5386.7868,2.978,6421.0217,3.323,0.078138796,44.181151,,,,,1,,,,0.00014533396,133.30485,33979.544,5.6106142,0
20033269.58,,5905,,185.897,0.056,9.3E-6,186.85689,1.8173227,1047.9995,5.295,5491.1186,3.053,6539.1182,5.295,0.18319119,45.395917,0.67849344,89.95194,,,1,,,,0.00014446598,132.54345,34915.498,5.6085678,0
20033614,,5905,,185.898,0.056,9.3E-6,186.90866,1.8272009,1030.7011,4.666,5493.2872,3.054,6523.9883,3.528,0.087011684,44.352582,,,,,1,,,,0.00014709376,136.18775,34934.847,5.5144641,0
20033951.61,,5905,,185.897,0.056,9.3E-6,186.91492,1.8059327,1022.7795,4.558,5493.6042,3.055,6516.3837,3.384,0.064884872,44.119824,,,,,1,,,,0.00014769741,133.05775,34937.188,5.4718986,0
20034705.55,,5905,,188.461,0.056,9.2E-6,189.4207,1.8379195,1062.9026,6.003,5597.1512,3.126,6660.0538,6.003,0.25698445,45.991116,1.0456119,85.395408,,,1,,,,0.00014545728,132.35947,35880.2,5.611333,0
20035053.67,,5905,,188.463,0.056,9.4E-6,189.49453,1.8608478,1035.6202,4.456,5599.9192,3.128,6635.5394,3.174,0.070868513,44.484934,,,,,1,,,,0.00014916375,137.97335,35908.176,5.4651722,0
20035390.89,,5905,,188.463,0.056,9.2E-6,189.49674,1.8284797,1026.74,4.73,5600.1224,3.128,6626.8624,3.548,0.10192656,44.129319,,,,,1,,,,0.00015016915,133.4548,35909.014,5.4182464,0
20036140.41,,5905,,191.027,0.056,9.3E-6,191.99949,1.8552166,1068.1572,6.19,5703.0639,3.198,6771.2211,6.19,0.24195564,45.92095,1.060318,85.081583,,,1,,,,0.00014811253,132.38796,36863.805,5.5633336,0
20036486.86,,5905,,191.027,0.056,9.3E-6,192.07385,1.8728888,1052.996,5.149,5705.8597,3.2,6758.8557,4.034,0.22915123,44.350405,,,,,1,,,,0.00015239671,137.76285,36892.364,5.4822456,0
20036824.03,,5905,,191.028,0.056,9.2E-6,192.07513,1.8455648,1033.0079,4.829,5706.0127,3.2,6739.0206,3.616,0.080336182,44.152817,,,,,1,,,,0.00015262946,133.05122,36892.855,5.3781449,0
20037625.25,,5905,,193.589,0.056,9.3E-6,194.59491,1.8730512,1074.7226,5.513,5809.0372,3.27,6883.7598,5.513,0.23829184,45.643849,0.91010025,86.768525,,,1,,,,0.00015138664,132.45845,37867.18,5.5228711,0
20037972.05,,5905,,193.591,0.056,9.4E-6,194.65769,1.8877746,1072.1227,5.183,5811.4591,3.271,6883.5818,4.02,0.22629245,44.543017,,,,,1,,,,0.00015453784,136.93155,37891.615,5.5077337,0
20038356.89,,5905,,193.593,0.056,9.4E-6,194.66045,1.8751236,1062.0237,5.378,5811.7749,3.271,6873.7986,4.268,0.65234189,44.714609,,,,,1,,,,0.00015372601,133.62905,37892.689,5.4557756,0
20039161.56,,5905,,196.157,0.056,9.2E-6,197.1879,1.9149006,1070.3558,5.454,5914.3024,3.342,6984.6582,5.454,0.22254017,45.842384,0.7371449,88.915811,,,1,,,,0.0001528158,134.14383,38883.067,5.4281007,0
20039508.17,,5905,,196.155,0.056,9.4E-6,197.24471,1.9205756,1055.0781,4.913,5916.6389,3.343,6971.717,3.6,0.095958982,44.692482,,,,,1,,,,0.00015599306,137.52715,38905.474,5.3490817,0
20039895.14,,5905,,196.153,0.056,9.4E-6,197.24364,1.9014274,1060.7611,4.889,5916.7069,3.343,6977.468,3.567,0.82380383,44.731695,,,,,1,,,,0.00015598488,134.07744,38905.054,5.377923,0
20040654.31,,5905,,198.719,0.056,9.3E-6,199.75556,1.9361815,1094.4433,6.267,6018.2508,3.414,7112.6941,6.267,0.24664159,46.424823,1.1069885,84.403025,,,1,,,,0.00015389563,134.19509,39902.283,5.478913,0
20041005.64,,5905,,198.717,0.056,9.2E-6,199.82447,1.9554527,1067.8032,5.383,6020.7718,3.416,7088.5751,4.161,0.20763994,44.871228,,,,,1,,,,0.00015797596,139.27447,39929.821,5.343706,0
20041346.33,,5905,,198.718,0.056,9.3E-6,199.82599,1.924557,1061.0247,4.804,6020.9803,3.416,7082.005,3.378,0.068924901,44.672518,,,,,1,,,,0.00015853158,134.61368,39930.425,5.3097432,0
20042148.53,,5905,,201.285,0.056,9.2E-6,202.34698,1.9575226,1081.0563,5.451,6121.9565,3.486,7203.0128,5.451,0.19067798,45.880336,0.76041446,88.439971,,,1,,,,0.00015746569,134.01755,40944.302,5.3425867,0
20042496.2,,5905,,201.284,0.056,9.4E-6,202.39883,1.9652617,1069.5484,4.901,6124.063,3.487,7193.6114,3.444,0.12161867,44.768936,,,,,1,,,,0.0001606831,137.64101,40965.287,5.2843606,0
20042883.48,,5905,,201.283,0.056,9.3E-6,202.40029,1.9480322,1067.9969,4.866,6124.2452,3.487,7192.2421,3.394,0.68093347,44.838097,,,,,1,,,,0.00016040471,134.30681,40965.878,5.2766572,0
20043645.34,,5905,,203.843,0.056,9.2E-6,204.91268,1.9771676,1109.2189,6.762,6224.2513,3.554,7333.4702,6.762,0.19128448,46.240933,1.0398758,84.988819,,,1,,,,0.00015924826,134.51429,41989.204,5.4131296,0
20044044.25,,5905,,203.841,0.056,9.3E-6,204.9787,1.9973581,1083.2505,5.337,6226.7411,3.556,7309.9916,3.98,0.99123526,44.992366,,,,,1,,,,0.00016247182,138.7228,42016.266,5.2846978,0
20044387.83,,5905,,203.845,0.056,9.4E-6,204.98032,1.9723849,1075.0126,5.03,6226.8692,3.556,7301.8819,3.558,0.066178666,44.821431,,,,,1,,,,0.0001629105,134.9771,42016.932,5.2444676,0
20045145.23,,5905,,206.412,0.056,9.4E-6,207.48692,2.0029943,1095.1816,6.12,6325.7922,3.618,7420.9738,6.12,0.22991995,46.012786,0.90878224,86.347887,,,1,,,,0.00016184729,134.46429,43050.822,5.2783162,0
20045493.72,,5905,,206.413,0.056,9.4E-6,207.54578,2.0126692,1081.5379,4.99,6328.0061,3.619,7409.544,3.435,0.16554339,44.836981,,,,,1,,,,0.00016525519,138.03836,43075.253,5.2110811,0
20045833.41,,5905,,206.41,0.056,9.3E-6,207.54926,1.9890256,1083.1075,4.852,6328.2773,3.619,7411.3848,3.232,0.039695557,44.740498,,,,,1,,,,0.00016565271,134.51094,43076.694,5.2185563,0
20046588.33,,5905,,208.974,0.056,9.4E-6,210.05666,2.022718,1108.3459,6.799,6426.3404,3.675,7534.6864,6.799,0.17931505,46.148071,0.94513622,85.87891,,,1,,,,0.00016386507,134.22149,44123.8,5.2764142,0
20046936.78,,5905,,208.974,0.056,9.3E-6,210.12195,2.0390717,1088.2755,4.767,6428.7673,3.676,7517.0428,3.034,0.051903358,44.85164,,,,,1,,,,0.00016759795,138.44421,44151.233,5.1792567,0
20047323.7,,5905,,208.974,0.056,9.2E-6,210.1486,2.0678525,1074.9809,3.819,6429.0089,3.676,7503.9898,3.819,0.82215086,44.86932,0.00057364773,99.989584,,,1,,,,0.00016724135,134.55492,44162.435,5.1153371,0
20048084.61,,5905,,211.539,0.056,9.4E-6,212.63776,2.0462656,1120.1331,6.085,6526.3118,3.724,7646.4449,6.085,0.23205018,46.081361,0.95579582,85.681888,,,1,,,,0.00016654127,134.60796,45214.819,5.2677993,0
20048432.61,,5905,,211.537,0.056,9.3E-6,212.71488,2.0917495,1105.5581,4.632,6528.6741,3.725,7634.2322,4.632,0.074608134,45.167538,0.38631108,93.522287,,,1,,,,0.00016926797,138.24408,45247.618,5.197371,0
20048822.47,,5905,,211.537,0.056,9.3E-6,212.70382,2.0411022,1095.4779,5.201,6528.8358,3.725,7624.3137,3.63,0.91998064,44.748251,,,,,1,,,,0.00017038238,135.50261,45242.917,5.1502503,0
20049578.22,,5905,,214.103,0.056,9.3E-6,215.21255,2.0659489,1124.8644,6.786,6625.011,3.762,7749.8754,6.786,0.19794385,46.126964,1.0266611,84.689732,,,1,,,,0.00016866634,134.24475,46316.443,5.2267602,0
20049926.11,,5905,,214.105,0.056,9.2E-6,215.27621,2.0780144,1129.8293,5.589,6627.2986,3.763,7757.1279,4.133,0.07108801,44.931972,,,,,1,,,,0.00017264161,138.38089,46343.846,5.2482777,0
20050312.98,,5905,,214.105,0.056,9.3E-6,215.27689,2.0581179,1111.3336,4.936,6627.4145,3.763,7738.7481,3.194,0.15570054,44.817837,,,,,1,,,,0.00017267116,134.79592,46344.141,5.162345,0
20051069.22,,5905,,216.666,0.056,9.4E-6,217.78891,2.0918311,1120.3808,6.73,6722.6186,3.788,7842.9994,6.73,0.19183958,46.011943,1.0339381,84.392442,,,1,,,,0.00017111387,134.45351,47432.009,5.1443429,0
20051415.75,,5905,,216.667,0.056,9.4E-6,217.86841,2.1386802,1113.2267,4.776,6724.919,3.788,7838.1457,4.776,0.056099808,44.993509,0.33703246,94.195117,,,1,,,,0.00017442434,138.03583,47466.643,5.109629,0
20051805.3,,5905,,216.668,0.056,9.4E-6,217.85608,2.082498,1125.8537,5.701,6725.1214,3.788,7850.9751,4.26,0.53131679,44.874141,,,,,1,,,,0.00017495544,134.98053,47461.272,5.1678785,0
20052561.55,,5905,,219.234,0.056,9.3E-6,220.37212,2.1176455,1147.0072,5.697,6819.3002,3.799,7966.3074,5.697,0.33975428,46.148514,0.93709199,85.769789,,,1,,,,0.00017322936,134.62242,48563.87,5.2048654,0
20052959.48,,5905,,219.232,0.056,9.3E-6,220.43242,2.1270609,1137.041,5.654,6821.4114,3.8,7958.4524,4.187,9.6696457,44.855373,,,,,1,,,,0.00017742473,138.44554,48590.452,5.1582295,0
20053346.36,,5905,,219.231,0.056,9.3E-6,220.43522,2.0988106,1135.9348,5.904,6821.6306,3.8,7957.5654,4.519,1.3245835,44.692025,,,,,1,,,,0.00017805336,134.56612,48591.685,5.1531458,0
20054100.84,,5905,,221.795,0.056,9.4E-6,222.95493,2.1332436,1159.0456,6.38,6914.692,3.799,8073.7375,6.38,0.24588874,45.937372,0.94923696,85.523644,,,1,,,,0.00017638141,134.07608,49708.9,5.1985644,0
20054447.45,,5905,,221.794,0.056,9.3E-6,223.01214,2.1459056,1152.1005,5.773,6916.7539,3.799,8068.8544,4.347,0.089963908,44.857333,,,,,1,,,,0.00017987816,137.81211,49734.413,5.1660887,0
20054833.28,,5905,,221.798,0.056,9.4E-6,223.01162,2.1266626,1130.3605,5.093,6916.8134,3.799,8047.1739,3.392,0.39065058,44.644748,,,,,1,,,,0.00018024906,134.572,49734.182,5.068617,0
20055588.63,,5905,,224.359,0.056,9.2E-6,225.53229,2.1532649,1172.94,5.642,7008.6448,3.792,8181.5848,5.642,0.32942372,45.77865,0.90652768,86.033084,,,1,,,,0.00017932895,133.93424,50864.815,5.200763,0
20055936.5,,5905,,224.362,0.056,9.4E-6,225.59315,2.1675673,1151.0366,5.193,7010.8313,3.791,8161.8679,3.548,0.053171075,44.684315,,,,,1,,,,0.00018265622,137.33595,50892.271,5.1022673,0
20056322.56,,5905,,224.359,0.056,9.3E-6,225.59059,2.1428832,1138.2964,4.896,7010.8062,3.791,8149.1026,3.098,5.6096049,44.494739,,,,,1,,,,0.00018314755,134.05294,50891.113,5.0458508,0
20057073.25,,5905,,226.924,0.056,9.3E-6,228.11227,2.1522379,1183.5774,10.28,7101.6724,3.781,8285.2498,9.562,0.27167211,45.200265,,,,,1,,,,0.00018330091,133.48422,52035.206,5.188574,0
20057413.86,,5905,,226.924,0.056,9.3E-6,228.16333,2.1791611,1159.6468,5.983,7103.3753,3.781,8263.0221,4.636,0.071021346,44.667528,,,,,1,,,,0.00018498947,135.6008,52058.505,5.0825291,0
20057798.83,,5905,,226.93,0.056,9.4E-6,228.16767,2.1671873,1154.5829,5.079,7103.5386,3.781,8258.1215,3.392,0.39328661,44.572904,,,,,1,,,,0.00018527223,134.00258,52060.488,5.0602387,0
20058506.33,,5905,,229.488,0.056,9.3E-6,230.68615,2.2041609,1171.9444,6.604,7192.9013,3.773,8364.8457,6.604,0.23975743,45.690384,1.0243469,84.210835,,,1,,,,0.00018376602,133.71871,53216.1,5.0802547,0
20058852,,5905,,229.49,0.056,9.4E-6,230.74775,2.215413,1146.5368,4.765,7194.9792,3.773,8341.516,2.911,0.037997026,44.435692,,,,,1,,,,0.00018772108,137.07115,53244.524,4.9687887,0
20059188.98,,5905,,229.493,0.056,9.3E-6,230.75041,2.1855386,1148.138,5.114,7195.1903,3.773,8343.3283,3.452,0.051028033,44.292715,,,,,1,,,,0.00018836796,133.30707,53245.753,4.9756702,0
20059897.19,,5905,,232.053,0.056,9.3E-6,233.26713,2.1955747,1210.7323,10.53,7283.3556,3.771,8494.0879,9.827,0.19274651,45.063894,,,,,1,,,,0.00018848988,132.87814,54413.556,5.1903254,0
20060285.42,,5905,,232.051,0.056,9.4E-6,233.32592,2.2261273,1159.7946,5.339,7285.2571,3.771,8445.0517,3.779,2.1925456,44.356106,,,,,1,,,,0.00019039209,135.19168,54440.984,4.9707062,0
20060668.98,,5905,,232.052,0.056,9.3E-6,233.32642,2.2127189,1149.8424,4.879,7285.3414,3.771,8435.1839,3.096,0.69261088,44.308193,,,,,1,,,,0.00019037526,133.06832,54441.217,4.9280422,0
20061371.06,,5905,,234.613,0.056,9.2E-6,235.8515,2.2265334,1198.9603,10.57,7372.5339,3.781,8571.4942,9.872,0.18912444,45.011052,,,,,1,,,,0.00019043088,132.92458,55625.93,5.0835391,0
20061760.3,,5905,,234.616,0.056,9.4E-6,235.90524,2.2522788,1169.0214,6.105,7374.2245,3.781,8543.2459,4.793,1.3715444,44.331243,,,,,1,,,,0.00019271388,135.03316,55651.284,4.9554701,0
20062141.81,,5905,,234.615,0.056,9.3E-6,235.91004,2.2346642,1166.8681,5.069,7374.4265,3.781,8541.2946,3.375,0.27641931,44.163465,,,,,1,,,,0.00019340182,132.99373,55653.549,4.9462417,0
20062849,,5905,,237.179,0.056,9.2E-6,238.44127,2.2680732,1192.0433,6.043,7460.3426,3.806,8652.3859,6.043,0.23997443,45.041938,0.76909684,87.370887,,,1,,,,0.00019263243,132.4904,56854.238,4.9993163,0
20063191.17,,5905,,237.184,0.056,9.4E-6,238.49209,2.2747254,1159.1746,4.934,7462.0755,3.807,8621.2501,3.139,0.055019486,43.948784,,,,,1,,,,0.00019616584,135.12581,56878.478,4.8604321,0
20063571.47,,5905,,237.177,0.056,9.4E-6,238.48159,2.2507529,1173.7471,5.096,7461.8459,3.807,8635.593,3.387,0.26143243,44.088203,,,,,1,,,,0.00019587083,131.84635,56873.467,4.9217515,0
20064305.14,,5905,,239.746,0.056,9.2E-6,241.02231,2.2642677,1212.3216,9.274,7546.9406,3.853,8759.2621,8.436,0.23965131,44.460822,,,,,1,,,,0.0001970108,132.26461,58091.756,5.0299143,0
20064688.03,,5905,,239.744,0.056,9.2E-6,241.0662,2.2896883,1177.8558,5.259,7548.3339,3.854,8726.1897,3.579,1.1357068,43.992402,,,,,1,,,,0.00019835675,133.38246,58112.915,4.8860264,0
20065068.2,,5905,,239.753,0.056,9.4E-6,241.06946,2.2762822,1172.4139,4.894,7548.4445,3.854,8720.8585,3.016,1.0557287,43.873634,,,,,1,,,,0.00019877219,131.97721,58114.483,4.8633865,0
20065720.31,,5905,,242.306,0.056,9.4E-6,243.59832,2.3215272,1199.7134,6.753,7631.7107,3.924,8831.4241,6.753,0.1832681,45.008336,0.79601336,86.842042,,,1,,,,0.00019677607,131.6209,59340.142,4.9249659,0
20066059.88,,5905,,242.307,0.056,9.2E-6,243.65428,2.3201728,1173.5378,4.852,7633.4761,3.926,8807.0139,2.85,0.042778503,43.589945,,,,,1,,,,0.00020204233,135.02501,59367.409,4.8164055,0
20066436.89,,5905,,242.3,0.056,9.2E-6,243.64372,2.2994392,1176.7303,5.199,7633.3504,3.926,8810.0807,3.408,0.12342957,43.941095,,,,,1,,,,0.00020049752,130.76983,59362.26,4.8297174,0
20067095.89,,5905,,244.871,0.056,9.4E-6,246.17876,2.3437272,1210.2168,6.751,7715.4379,4.024,8925.6547,6.751,0.19764165,44.778313,0.87821013,85.587592,,,1,,,,0.00019995932,131.82328,60603.982,4.9160082,0
20067435.23,,5905,,244.871,0.056,9.2E-6,246.23084,2.3456951,1183.0656,4.996,7717.1067,4.026,8900.1723,2.958,0.036140557,43.580882,,,,,1,,,,0.00020422194,134.33494,60629.628,4.8047009,0
20067812.84,,5905,,244.872,0.056,9.2E-6,246.22637,2.3216869,1182.8463,5.344,7717.082,4.026,8899.9283,3.515,0.20695027,43.677295,,,,,1,,,,0.00020376556,130.74264,60627.427,4.8038978,0
20068461.91,,5905,,247.436,0.056,9.3E-6,248.75333,2.3616701,1217.2187,6.523,7797.698,4.147,9014.9167,6.523,0.33231876,44.682755,0.94779434,84.540936,,,1,,,,0.00020244104,131.03188,61878.221,4.893276,0
20068799.91,,5905,,247.438,0.056,9.4E-6,248.80675,2.3676047,1195.6707,5.673,7799.3002,4.149,8994.971,3.869,0.065917526,43.460429,,,,,1,,,,0.00020696922,134.04826,61904.798,4.8056202,0
20069174.7,,5905,,247.432,0.056,9.3E-6,248.80623,2.3436376,1192.8819,5.604,7799.4504,4.15,8992.3322,3.767,0.37458546,43.515548,,,,,1,,,,0.00020664642,130.38129,61904.54,4.7944212,0
20069829.83,,5905,,249.997,0.056,9.2E-6,251.33136,2.3609362,1220.447,11.06,7878.7981,4.289,9099.2451,10.19,0.26495295,43.915747,,,,,1,,,,0.00020719778,130.54664,63167.453,4.8559279,0
20070209.09,,5905,,250,0.056,9.4E-6,251.37758,2.3773462,1215.995,6.431,7880.0955,4.291,9096.0905,4.79,2.3311888,43.443991,,,,,1,,,,0.00020937511,131.74724,63190.685,4.8373249,0
20070537.02,,5905,,250.002,0.056,9.3E-6,251.38868,2.3665659,1187.3204,5.385,7880.4886,4.292,9067.809,3.252,0.019753575,43.219328,,,,,1,,,,0.00020980912,130.33197,63196.27,4.7230463,0
20071209.88,,5905,,250.009,0.056,9.2E-6,251.447,2.4665173,1198.7133,6.662,7881.9581,4.295,9080.6714,5.092,0.3110107,43.259162,,,,,1,,,,0.00020991325,141.70435,63225.594,4.7672601,0
20071584.09,,5905,,249.999,0.056,9.3E-6,251.39742,2.3626767,1199.1918,5.805,7880.7643,4.293,9079.9561,3.908,1.3243843,43.302057,,,,,1,,,,0.00020968879,129.77749,63200.664,4.7701038,0
20071958.52,,5905,,249.999,0.056,9.4E-6,251.39719,2.3642273,1199.8442,5.495,7880.7606,4.293,9080.6048,3.43,0.20585929,43.30079,,,,,1,,,,0.00020970991,129.90617,63200.549,4.7727033,0
20072776.63,,5905,,260,0.056,9.4E-6,261.31404,2.4348384,1253.1296,6.67,8179.5656,4.916,9432.6952,6.67,0.58811069,43.826892,1.1383552,81.477797,,,1,,,,0.00021611283,129.90237,68285.027,4.7954929,0
20073107.06,,5905,,259.999,0.056,9.3E-6,261.40654,2.4799576,1226.0771,6.853,8182.3113,4.922,9408.3884,4.768,0.10876482,42.688461,,,,,1,,,,0.00022039653,131.48068,68333.38,4.6903078,0
20073430.63,,5905,,260.001,0.056,9.4E-6,261.41689,2.4545732,1204.7827,6.262,8182.6992,4.923,9387.4819,3.871,0.057388168,42.578456,,,,,1,,,,0.00022047493,128.06538,68338.791,4.6086642,0
20074237.19,,5905,,270.003,0.056,9.3E-6,271.36682,2.5194062,1276.7118,8.774,8462.6048,5.439,9739.3166,8.774,0.23078114,42.9751,1.1310233,81.105719,,,1,,,,0.00022755882,127.73537,73639.953,4.7047453,0
20074562.89,,5905,,270.002,0.056,9.3E-6,271.45706,2.5653869,1268.5386,10.46,8465.1282,5.442,9733.6668,8.928,0.60304174,42.056825,,,,,1,,,,0.00023144084,128.9253,73688.937,4.6730728,0
20074925.48,,5905,,270.003,0.056,9.3E-6,271.48122,2.5407699,1255.693,8.716,8465.8631,5.443,9721.556,6.807,1.1548271,41.884563,,,,,1,,,,0.00023210356,126.17047,73702.05,4.6253402,0
20075725.53,,5905,,280.001,0.056,9.3E-6,281.41872,2.5920819,1356.7005,8.731,8725.9329,5.581,10082.633,8.731,0.45415105,42.355944,1.634119,74.878279,,,1,,,,0.00023954972,125.65369,79196.498,4.820932,0
20076047.36,,5905,,279.997,0.056,9.2E-6,281.52896,2.6384646,1359.2853,14.27,8728.5718,5.58,10087.857,13.14,2.7333524,41.10055,,,,,1,,,,0.00024544336,127.06783,79258.557,4.8282256,0
20076359.88,,5905,,279.994,0.056,9.3E-6,281.5456,2.6095614,1305.9668,8.677,8729.049,5.58,10035.016,6.644,0.14215591,40.837887,,,,,1,,,,0.00024572808,123.30165,79267.925,4.6385623,0
20077097.86,,5905,,290,0.056,9.2E-6,291.43716,2.6544046,1444.3472,10.39,8969.5213,5.212,10413.868,10.39,0.35697514,42.416044,2.7370028,64.41136,,,1,,,,0.00024830885,122.51366,84935.617,4.9559473,0
20077419.27,,5905,,289.994,0.056,9.4E-6,291.58983,2.7453304,1421.2945,14.09,8972.3997,5.204,10393.694,13.1,1.487937,40.317678,,,,,1,,,,0.00025779496,127.24813,85024.632,4.8742937,0
20077725.41,,5905,,290.003,0.056,9.4E-6,291.59696,2.6861154,1392.5601,10.64,8972.7171,5.203,10365.277,9.283,0.44878474,40.048454,,,,,1,,,,0.00025881841,120.95303,85028.785,4.7756331,0
20078499.94,,5905,,300.006,0.056,9.3E-6,301.5276,2.7681914,1295.6831,14.42,9195.0457,4.225,10490.729,13.79,0.31157905,39.411821,,,,,1,,,,0.00026618229,120.14536,90918.892,4.2970632,0
20078801.83,,5905,,300,0.056,9.3E-6,301.61557,2.8058523,1254.9686,5.999,9197.0188,4.213,10451.987,4.271,0.070254671,38.901299,,,,,1,,,,0.00026867965,118.23546,90971.952,4.1608216,0
20079140.58,,5905,,299.998,0.056,9.4E-6,301.62605,2.7866031,1277.4826,6.29,9197.3087,4.211,10474.791,4.672,0.8468243,38.889943,,,,,1,,,,0.00026934447,116.7039,90978.274,4.235319,0
